initial: 6
0.72056 0.00285 0.08947 0.18713 0.00000 0.00000

transition: 6
0.29554 0.01355 0.50166 0.00128 0.00000 0.18797
0.20104 0.20331 0.59541 0.00020 0.00004 0.00001
0.00361 0.49798 0.19701 0.30126 0.00000 0.00015
0.00029 0.20210 0.00016 0.59738 0.00000 0.20007
0.10736 0.00000 0.00000 0.00000 0.50173 0.39091
0.00084 0.39441 0.00000 0.00000 0.30483 0.29992

observation: 6
0.69490 0.49687 0.30112 0.09999 0.00054 0.09780
0.00214 0.00184 0.40018 0.09907 0.10261 0.09709
0.30289 0.00041 0.20029 0.19597 0.09785 0.30215
0.00006 0.50088 0.09819 0.00000 0.00239 0.40385
0.00000 0.00000 0.00022 0.60496 0.00291 0.09912
0.00000 0.00000 0.00000 0.00000 0.79371 0.00000
