initial: 6
0.85674 0.00000 0.00112 0.14214 0.00000 0.00000

transition: 6
0.24915 0.38604 0.24820 0.06807 0.00363 0.04492
0.11864 0.60195 0.25194 0.02717 0.00003 0.00028
0.19530 0.25611 0.06497 0.44200 0.00046 0.04117
0.08714 0.05464 0.02330 0.53928 0.03025 0.26539
0.11359 0.00231 0.00003 0.00017 0.68546 0.19844
0.17336 0.43523 0.01735 0.00008 0.26018 0.11381

observation: 6
0.87089 0.29761 0.19251 0.06000 0.03361 0.08240
0.04354 0.20148 0.42997 0.04522 0.12253 0.02371
0.06532 0.08984 0.31765 0.88732 0.16435 0.20216
0.02025 0.41107 0.05988 0.00746 0.07746 0.60597
0.00000 0.00000 0.00000 0.00000 0.03707 0.08554
0.00000 0.00000 0.00000 0.00000 0.56497 0.00023
