initial: 6
0.72202 0.00000 0.09112 0.18686 0.00000 0.00000

transition: 6
0.30825 0.01113 0.48158 0.00223 0.00000 0.19681
0.00063 0.22091 0.76910 0.00936 0.00000 0.00000
0.00172 0.51208 0.18633 0.29987 0.00000 0.00000
0.00108 0.20252 0.00001 0.59510 0.00000 0.20128
0.10499 0.00000 0.00000 0.00000 0.50708 0.38793
0.00058 0.40011 0.00000 0.00000 0.30368 0.29563

observation: 6
0.99430 0.49562 0.29448 0.09603 0.00278 0.09790
0.00237 0.00331 0.40898 0.09906 0.10461 0.09585
0.00276 0.00569 0.20150 0.80490 0.09151 0.31121
0.00057 0.49538 0.09505 0.00001 0.01221 0.39585
0.00000 0.00000 0.00000 0.00000 0.00407 0.09919
0.00000 0.00000 0.00000 0.00000 0.78481 0.00000
