initial: 6
0.72316 0.00263 0.08756 0.18665 0.00000 0.00000

transition: 6
0.29555 0.01890 0.49745 0.00216 0.00000 0.18594
0.20281 0.20598 0.59064 0.00056 0.00001 0.00001
0.00434 0.50013 0.19272 0.30257 0.00000 0.00024
0.00060 0.20242 0.00015 0.59700 0.00000 0.19983
0.10748 0.00000 0.00000 0.00000 0.50267 0.38985
0.00142 0.39449 0.00000 0.00000 0.30567 0.29841

observation: 6
0.69389 0.49566 0.29969 0.09975 0.00109 0.09738
0.00294 0.00313 0.40215 0.09867 0.10251 0.09673
0.30274 0.00064 0.20040 0.19580 0.09779 0.30259
0.00042 0.50057 0.09742 0.00000 0.00331 0.40396
0.00001 0.00000 0.00035 0.60578 0.00280 0.09934
0.00000 0.00000 0.00000 0.00000 0.79250 0.00000
