initial: 6
0.00015 0.15951 0.05544 0.20816 0.00000 0.57675

transition: 6
0.16089 0.47358 0.36485 0.00017 0.00009 0.00043
0.14569 0.41423 0.26840 0.09289 0.00000 0.07879
0.54362 0.02596 0.08317 0.34705 0.00011 0.00009
0.19609 0.01328 0.00593 0.59301 0.00010 0.19160
0.00111 0.11100 0.00000 0.00000 0.52345 0.36445
0.40174 0.00539 0.00000 0.00000 0.32690 0.26596

observation: 6
0.46697 0.59800 0.17952 0.09997 0.01109 0.09558
0.00823 0.08099 0.53326 0.09337 0.09840 0.08809
0.00077 0.21878 0.19078 0.19353 0.10876 0.31469
0.52395 0.10216 0.09170 0.00000 0.01589 0.39733
0.00008 0.00006 0.00474 0.61312 0.00327 0.10431
0.00000 0.00000 0.00000 0.00000 0.76259 0.00000
