initial: 6
0.76450 0.00000 0.05759 0.17791 0.00000 0.00000

transition: 6
0.29947 0.12341 0.41659 0.00834 0.00001 0.15217
0.22279 0.32158 0.43386 0.02172 0.00000 0.00005
0.01971 0.58845 0.03228 0.35486 0.00028 0.00442
0.01137 0.20467 0.00369 0.58321 0.00015 0.19691
0.10670 0.00007 0.00000 0.00000 0.52459 0.36863
0.02531 0.39123 0.00000 0.00000 0.32039 0.26307

observation: 6
0.67313 0.46180 0.25893 0.09001 0.00810 0.09431
0.01946 0.05049 0.46209 0.09091 0.10775 0.07901
0.29911 0.00628 0.22189 0.19312 0.10291 0.30634
0.00782 0.48124 0.04918 0.00000 0.01315 0.41899
0.00048 0.00018 0.00790 0.62596 0.00481 0.10133
0.00000 0.00000 0.00000 0.00000 0.76326 0.00001
