initial: 6
0.50493 0.49507 0.00000 0.00000 0.00000 0.00000

transition: 6
0.28796 0.48386 0.00790 0.21809 0.00002 0.00217
0.00390 0.50175 0.19862 0.00005 0.00000 0.29568
0.00336 0.00066 0.21110 0.78119 0.00012 0.00358
0.00023 0.00350 0.00563 0.26283 0.52387 0.20394
0.00000 0.00000 0.00000 0.00000 0.50093 0.49907
0.63313 0.00007 0.17758 0.18922 0.00000 0.00000

observation: 6
0.00006 0.29953 0.00491 0.10073 0.29831 0.09778
0.09586 0.39721 0.00002 0.10080 0.00000 0.10016
0.40739 0.19941 0.48630 0.29543 0.30262 0.00000
0.49669 0.10384 0.50153 0.40318 0.00000 0.00000
0.00000 0.00000 0.00724 0.09985 0.00000 0.80205
0.00000 0.00000 0.00000 0.00000 0.39907 0.00000
