initial: 6
0.84069 0.07738 0.02070 0.05934 0.00163 0.00027

transition: 6
0.42621 0.40924 0.08184 0.05563 0.00872 0.01837
0.16223 0.46682 0.28516 0.06152 0.00703 0.01724
0.15291 0.14427 0.34598 0.30653 0.01798 0.03234
0.12648 0.11927 0.12477 0.45411 0.12262 0.05275
0.05091 0.03554 0.02161 0.02612 0.63095 0.23487
0.35882 0.09443 0.04910 0.04144 0.16176 0.29445

observation: 6
0.59586 0.37902 0.16881 0.07961 0.03556 0.11874
0.12700 0.23509 0.20736 0.09553 0.07052 0.09125
0.08807 0.11965 0.40159 0.68861 0.28033 0.20737
0.18845 0.26608 0.22198 0.13386 0.12777 0.40432
0.00062 0.00017 0.00026 0.00236 0.06078 0.06401
0.00000 0.00000 0.00000 0.00004 0.42504 0.11431
