initial: 6
0.25928 0.05414 0.16210 0.28604 0.12182 0.11661

transition: 6
0.49058 0.42105 0.04989 0.02044 0.00662 0.01142
0.19951 0.51469 0.23083 0.04066 0.00497 0.00935
0.17737 0.12384 0.30134 0.35279 0.02035 0.02431
0.15669 0.09687 0.10087 0.51549 0.09634 0.03374
0.05281 0.03257 0.01558 0.01442 0.56523 0.31938
0.27756 0.06092 0.01941 0.01110 0.21007 0.42095

observation: 6
0.41313 0.49518 0.19936 0.06911 0.02986 0.07057
0.11155 0.17941 0.24221 0.07381 0.07885 0.07476
0.12728 0.11589 0.22989 0.18291 0.21762 0.22288
0.34504 0.20503 0.11280 0.07808 0.15676 0.28515
0.00298 0.00449 0.21574 0.59601 0.05003 0.01648
0.00002 0.00000 0.00001 0.00007 0.46687 0.33016
