initial: 6
0.56563 0.15916 0.11382 0.15822 0.00273 0.00044

transition: 6
0.48544 0.41039 0.05679 0.02660 0.00774 0.01304
0.20241 0.50938 0.22669 0.04196 0.00714 0.01242
0.17247 0.13163 0.29561 0.35015 0.02270 0.02744
0.13684 0.09542 0.09394 0.53724 0.10142 0.03514
0.05408 0.03613 0.02022 0.01960 0.51512 0.35485
0.26011 0.06070 0.02105 0.01022 0.18359 0.46433

observation: 6
0.47971 0.45618 0.21984 0.07385 0.03399 0.06321
0.09870 0.18573 0.25541 0.07924 0.07719 0.07806
0.15643 0.11127 0.21422 0.17289 0.24149 0.19562
0.26197 0.24240 0.13031 0.06588 0.15679 0.31346
0.00318 0.00442 0.18021 0.60810 0.08066 0.01586
0.00001 0.00000 0.00000 0.00004 0.40988 0.33379
