initial: 6
0.72012 0.00003 0.09230 0.18756 0.00000 0.00000

transition: 6
0.30827 0.00510 0.48839 0.00133 0.00000 0.19692
0.00060 0.20757 0.78686 0.00498 0.00000 0.00000
0.00109 0.50442 0.19571 0.29878 0.00000 0.00000
0.00040 0.20183 0.00001 0.59661 0.00000 0.20115
0.10489 0.00000 0.00000 0.00000 0.50308 0.39203
0.00028 0.39761 0.00000 0.00000 0.30194 0.30017

observation: 6
0.99542 0.49715 0.29690 0.09746 0.00162 0.09855
0.00217 0.00137 0.40347 0.09939 0.10443 0.09675
0.00233 0.00385 0.20027 0.80315 0.09139 0.31001
0.00008 0.49763 0.09937 0.00000 0.00875 0.39565
0.00000 0.00000 0.00000 0.00000 0.00329 0.09904
0.00000 0.00000 0.00000 0.00000 0.79052 0.00000
