initial: 6
0.50794 0.49206 0.00000 0.00000 0.00000 0.00000

transition: 6
0.29119 0.50645 0.00741 0.19367 0.00000 0.00128
0.00196 0.50127 0.19866 0.00001 0.00000 0.29809
0.00216 0.00036 0.20504 0.78731 0.00003 0.00510
0.00014 0.00193 0.00467 0.27687 0.51565 0.20075
0.00000 0.00000 0.00000 0.00000 0.50083 0.49917
0.60076 0.00002 0.20599 0.19323 0.00000 0.00000

observation: 6
0.00005 0.29992 0.00247 0.10032 0.29857 0.09819
0.09978 0.39660 0.00000 0.10148 0.00000 0.10055
0.40460 0.19990 0.48885 0.29561 0.30241 0.00000
0.49556 0.10358 0.50578 0.40266 0.00000 0.00000
0.00000 0.00000 0.00289 0.09994 0.00000 0.80127
0.00000 0.00000 0.00000 0.00000 0.39902 0.00000
