initial: 6
0.78830 0.00000 0.05144 0.16025 0.00000 0.00000

transition: 6
0.23845 0.23065 0.38389 0.05768 0.00043 0.08890
0.07380 0.39828 0.49436 0.03355 0.00000 0.00001
0.10421 0.55715 0.01041 0.32386 0.00001 0.00434
0.06389 0.11260 0.00361 0.56338 0.00369 0.25283
0.10633 0.00017 0.00000 0.00000 0.63085 0.26266
0.07885 0.44454 0.00698 0.00000 0.31721 0.15242

observation: 6
0.94219 0.37453 0.21257 0.06130 0.02698 0.08845
0.01663 0.06472 0.51284 0.08437 0.11294 0.06358
0.02791 0.05388 0.26288 0.85144 0.12386 0.32692
0.01326 0.50687 0.01170 0.00289 0.08244 0.43122
0.00000 0.00000 0.00000 0.00000 0.02906 0.08983
0.00000 0.00000 0.00000 0.00000 0.62472 0.00000
