initial: 6
0.77408 0.00000 0.07559 0.15033 0.00000 0.00000

transition: 6
0.32047 0.23615 0.32537 0.00542 0.00185 0.11074
0.22668 0.42469 0.32006 0.02830 0.00002 0.00025
0.04890 0.53672 0.00336 0.37352 0.00194 0.03556
0.04462 0.15808 0.06764 0.51004 0.00177 0.21787
0.10303 0.00184 0.00000 0.00000 0.56643 0.32869
0.12587 0.32035 0.00004 0.00000 0.32496 0.22877

observation: 6
0.69918 0.40025 0.21819 0.07160 0.01878 0.08235
0.01755 0.10556 0.49703 0.02168 0.10768 0.07386
0.26336 0.02647 0.25109 0.16876 0.13490 0.27687
0.01728 0.46587 0.00493 0.00008 0.01853 0.46796
0.00263 0.00185 0.02877 0.73787 0.01382 0.09811
0.00000 0.00000 0.00000 0.00000 0.70629 0.00085
