initial: 6
0.00572 0.16061 0.06407 0.19984 0.00000 0.56976

transition: 6
0.16347 0.53194 0.29763 0.00048 0.00176 0.00472
0.14077 0.45572 0.25837 0.08606 0.00000 0.05907
0.55832 0.03999 0.03024 0.36658 0.00162 0.00325
0.18981 0.02338 0.02104 0.57697 0.00103 0.18778
0.00882 0.10565 0.00000 0.00000 0.53578 0.34975
0.39756 0.01608 0.00001 0.00000 0.34301 0.24334

observation: 6
0.45045 0.56589 0.16460 0.09301 0.01476 0.09410
0.00936 0.10857 0.54789 0.08302 0.09990 0.08000
0.00681 0.18729 0.22241 0.18765 0.11058 0.32839
0.53298 0.13806 0.04670 0.00001 0.02478 0.39262
0.00040 0.00019 0.01841 0.63631 0.00570 0.10489
0.00000 0.00000 0.00000 0.00000 0.74429 0.00000
