initial: 6
0.75377 0.00000 0.06692 0.17930 0.00000 0.00000

transition: 6
0.30073 0.08597 0.41803 0.01340 0.00000 0.18188
0.00470 0.34924 0.61204 0.03402 0.00000 0.00000
0.01489 0.57243 0.09588 0.31672 0.00000 0.00008
0.01328 0.19938 0.00015 0.58073 0.00012 0.20635
0.10727 0.00000 0.00000 0.00000 0.54667 0.34606
0.00893 0.42110 0.00004 0.00000 0.31928 0.25065

observation: 6
0.97078 0.47250 0.26545 0.08095 0.01160 0.09281
0.01055 0.02735 0.46165 0.09525 0.10747 0.08539
0.01030 0.02092 0.22900 0.82355 0.09941 0.31951
0.00837 0.47923 0.04390 0.00025 0.04004 0.40282
0.00000 0.00000 0.00000 0.00000 0.01213 0.09946
0.00000 0.00000 0.00000 0.00000 0.72935 0.00000
