initial: 6
0.71959 0.00053 0.09168 0.18820 0.00000 0.00000

transition: 6
0.30879 0.00117 0.49315 0.00024 0.00000 0.19666
0.00085 0.20072 0.79740 0.00103 0.00000 0.00000
0.00034 0.49945 0.20143 0.29879 0.00000 0.00000
0.00001 0.20166 0.00001 0.59776 0.00000 0.20057
0.10495 0.00000 0.00000 0.00000 0.49836 0.39669
0.00004 0.39475 0.00000 0.00000 0.30081 0.30441

observation: 6
0.99543 0.49850 0.29766 0.09829 0.00038 0.09895
0.00246 0.00011 0.40004 0.09973 0.10420 0.09740
0.00211 0.00205 0.20086 0.80198 0.09088 0.30898
0.00000 0.49927 0.10139 0.00000 0.00463 0.39580
0.00000 0.00007 0.00005 0.00000 0.00236 0.09887
0.00000 0.00000 0.00000 0.00000 0.79755 0.00000
