initial: 6
0.71960 0.00051 0.09172 0.18817 0.00000 0.00000

transition: 6
0.30874 0.00141 0.49284 0.00033 0.00000 0.19668
0.00081 0.20104 0.79681 0.00134 0.00000 0.00000
0.00042 0.49972 0.20114 0.29873 0.00000 0.00000
0.00002 0.20163 0.00001 0.59767 0.00000 0.20067
0.10494 0.00000 0.00000 0.00000 0.49881 0.39625
0.00005 0.39502 0.00000 0.00000 0.30087 0.30405

observation: 6
0.99545 0.49842 0.29765 0.09824 0.00049 0.09893
0.00243 0.00018 0.40024 0.09970 0.10422 0.09740
0.00213 0.00220 0.20074 0.80207 0.09095 0.30906
0.00000 0.49918 0.10130 0.00000 0.00505 0.39571
0.00000 0.00002 0.00007 0.00000 0.00245 0.09890
0.00000 0.00000 0.00000 0.00000 0.79683 0.00000
