initial: 6
0.00000 0.10410 0.09597 0.21026 0.00000 0.58966

transition: 6
0.20276 0.20534 0.59189 0.00000 0.00001 0.00000
0.01613 0.28711 0.50890 0.00067 0.00000 0.18719
0.49572 0.00618 0.19539 0.30270 0.00000 0.00000
0.20036 0.00025 0.00110 0.59874 0.00000 0.19955
0.00000 0.10227 0.00000 0.00000 0.50296 0.39477
0.39791 0.00003 0.00000 0.00000 0.30328 0.29878

observation: 6
0.49494 0.69797 0.30122 0.10046 0.00006 0.09947
0.00194 0.00239 0.40068 0.09914 0.10293 0.09592
0.00000 0.29834 0.19985 0.19641 0.09865 0.30135
0.50312 0.00131 0.09806 0.00000 0.00365 0.40219
0.00000 0.00000 0.00018 0.60398 0.00207 0.10107
0.00000 0.00000 0.00000 0.00000 0.79264 0.00000
