initial: 6
0.71954 0.00275 0.09039 0.18731 0.00000 0.00000

transition: 6
0.29565 0.01123 0.50354 0.00090 0.00000 0.18868
0.20022 0.20235 0.59721 0.00009 0.00013 0.00001
0.00324 0.49724 0.19872 0.30070 0.00000 0.00011
0.00017 0.20205 0.00020 0.59751 0.00000 0.20008
0.10735 0.00000 0.00000 0.00000 0.50123 0.39142
0.00058 0.39448 0.00000 0.00000 0.30448 0.30047

observation: 6
0.69530 0.49740 0.30167 0.10008 0.00030 0.09778
0.00179 0.00133 0.39939 0.09922 0.10266 0.09724
0.30290 0.00030 0.20030 0.19607 0.09784 0.30211
0.00001 0.50097 0.09847 0.00000 0.00188 0.40380
0.00000 0.00000 0.00017 0.60463 0.00294 0.09907
0.00000 0.00000 0.00000 0.00000 0.79438 0.00000
