initial: 6
0.71960 0.00031 0.09207 0.18802 0.00000 0.00000

transition: 6
0.30856 0.00213 0.49192 0.00060 0.00000 0.19678
0.00076 0.20206 0.79495 0.00223 0.00000 0.00000
0.00063 0.50063 0.20011 0.29863 0.00000 0.00000
0.00008 0.20162 0.00001 0.59744 0.00000 0.20086
0.10490 0.00000 0.00000 0.00000 0.50003 0.39506
0.00011 0.39576 0.00000 0.00000 0.30108 0.30306

observation: 6
0.99556 0.49810 0.29759 0.09809 0.00080 0.09886
0.00229 0.00041 0.40089 0.09962 0.10428 0.09727
0.00215 0.00263 0.20045 0.80229 0.09112 0.30930
0.00000 0.49886 0.10103 0.00000 0.00613 0.39562
0.00000 0.00000 0.00005 0.00000 0.00268 0.09894
0.00000 0.00000 0.00000 0.00000 0.79499 0.00000
