initial: 6
0.71957 0.00052 0.09168 0.18822 0.00000 0.00000

transition: 6
0.30883 0.00100 0.49336 0.00017 0.00000 0.19664
0.00089 0.20048 0.79783 0.00081 0.00000 0.00000
0.00028 0.49925 0.20163 0.29884 0.00000 0.00000
0.00000 0.20165 0.00001 0.59781 0.00000 0.20052
0.10495 0.00000 0.00000 0.00000 0.49802 0.39703
0.00002 0.39453 0.00000 0.00000 0.30070 0.30474

observation: 6
0.99543 0.49857 0.29766 0.09834 0.00030 0.09896
0.00247 0.00007 0.39990 0.09975 0.10420 0.09742
0.00209 0.00194 0.20094 0.80191 0.09083 0.30891
0.00000 0.49933 0.10146 0.00000 0.00430 0.39584
0.00000 0.00008 0.00004 0.00000 0.00229 0.09887
0.00000 0.00000 0.00000 0.00000 0.79808 0.00000
