initial: 6
0.00000 0.10338 0.09650 0.21030 0.00000 0.58981

transition: 6
0.20264 0.20342 0.59387 0.00000 0.00007 0.00000
0.01151 0.28720 0.51243 0.00021 0.00001 0.18863
0.49570 0.00577 0.19654 0.30199 0.00000 0.00000
0.20043 0.00011 0.00104 0.59880 0.00000 0.19962
0.00000 0.10195 0.00000 0.00000 0.50259 0.39546
0.39786 0.00001 0.00000 0.00000 0.30292 0.29922

observation: 6
0.49525 0.69928 0.30199 0.10048 0.00001 0.09949
0.00176 0.00163 0.39967 0.09930 0.10307 0.09592
0.00000 0.29848 0.20010 0.19644 0.09846 0.30142
0.50299 0.00062 0.09810 0.00000 0.00326 0.40218
0.00000 0.00000 0.00014 0.60378 0.00205 0.10100
0.00000 0.00000 0.00000 0.00000 0.79316 0.00000
