initial: 6
0.71960 0.00040 0.09192 0.18807 0.00000 0.00000

transition: 6
0.30862 0.00185 0.49233 0.00050 0.00000 0.19671
0.00077 0.20169 0.79565 0.00189 0.00000 0.00000
0.00055 0.50028 0.20054 0.29863 0.00000 0.00000
0.00005 0.20166 0.00001 0.59752 0.00000 0.20076
0.10492 0.00000 0.00000 0.00000 0.49957 0.39551
0.00008 0.39549 0.00000 0.00000 0.30108 0.30335

observation: 6
0.99552 0.49823 0.29761 0.09811 0.00068 0.09888
0.00234 0.00031 0.40062 0.09965 0.10426 0.09733
0.00214 0.00247 0.20057 0.80224 0.09105 0.30922
0.00000 0.49899 0.10112 0.00000 0.00573 0.39565
0.00000 0.00000 0.00008 0.00000 0.00260 0.09892
0.00000 0.00000 0.00000 0.00000 0.79567 0.00000
