initial: 6
0.00000 0.10503 0.09535 0.21020 0.00000 0.58942

transition: 6
0.20289 0.20766 0.58945 0.00000 0.00000 0.00000
0.02132 0.28719 0.50480 0.00146 0.00000 0.18523
0.49585 0.00664 0.19404 0.30347 0.00000 0.00000
0.20035 0.00042 0.00117 0.59867 0.00000 0.19939
0.00000 0.10266 0.00000 0.00000 0.50336 0.39398
0.39808 0.00005 0.00000 0.00000 0.30371 0.29817

observation: 6
0.49459 0.69646 0.30025 0.10046 0.00019 0.09926
0.00215 0.00329 0.40190 0.09896 0.10276 0.09594
0.00000 0.29806 0.19957 0.19638 0.09888 0.30138
0.50326 0.00219 0.09806 0.00000 0.00401 0.40225
0.00000 0.00000 0.00023 0.60420 0.00208 0.10117
0.00000 0.00000 0.00000 0.00000 0.79208 0.00000
