initial: 6
0.71960 0.00045 0.09184 0.18811 0.00000 0.00000

transition: 6
0.30866 0.00168 0.49251 0.00044 0.00000 0.19670
0.00078 0.20146 0.79607 0.00169 0.00000 0.00000
0.00050 0.50007 0.20076 0.29867 0.00000 0.00000
0.00004 0.20164 0.00001 0.59757 0.00000 0.20074
0.10493 0.00000 0.00000 0.00000 0.49930 0.39577
0.00007 0.39532 0.00000 0.00000 0.30100 0.30361

observation: 6
0.99549 0.49830 0.29762 0.09816 0.00061 0.09890
0.00237 0.00026 0.40048 0.09966 0.10425 0.09736
0.00213 0.00237 0.20063 0.80218 0.09102 0.30916
0.00000 0.49906 0.10118 0.00000 0.00549 0.39566
0.00000 0.00000 0.00008 0.00000 0.00255 0.09892
0.00000 0.00000 0.00000 0.00000 0.79608 0.00000
