initial: 6
0.72107 0.00001 0.09175 0.18718 0.00000 0.00000

transition: 6
0.30821 0.00831 0.48475 0.00186 0.00000 0.19687
0.00060 0.21451 0.77746 0.00743 0.00000 0.00000
0.00144 0.50855 0.19073 0.29928 0.00000 0.00000
0.00076 0.20220 0.00001 0.59579 0.00000 0.20123
0.10493 0.00000 0.00000 0.00000 0.50537 0.38970
0.00044 0.39905 0.00000 0.00000 0.30291 0.29760

observation: 6
0.99489 0.49630 0.29569 0.09669 0.00229 0.09819
0.00225 0.00241 0.40638 0.09920 0.10453 0.09626
0.00255 0.00489 0.20079 0.80410 0.09146 0.31068
0.00031 0.49641 0.09715 0.00001 0.01073 0.39575
0.00000 0.00000 0.00000 0.00000 0.00374 0.09912
0.00000 0.00000 0.00000 0.00000 0.78724 0.00000
