initial: 6
0.48766 0.51234 0.00000 0.00000 0.00000 0.00000

transition: 6
0.25618 0.40215 0.02324 0.31391 0.00210 0.00241
0.01405 0.50125 0.20664 0.00142 0.00130 0.27534
0.02353 0.00711 0.20236 0.75952 0.00337 0.00411
0.00139 0.01432 0.01474 0.24093 0.52860 0.20001
0.00000 0.00000 0.00000 0.00000 0.50141 0.49858
0.80183 0.00041 0.01943 0.17830 0.00004 0.00000

observation: 6
0.00027 0.29759 0.01414 0.10071 0.29867 0.09616
0.07756 0.40242 0.00303 0.09805 0.00001 0.09826
0.42224 0.19672 0.45544 0.29548 0.30244 0.00000
0.49993 0.10327 0.46656 0.40546 0.00000 0.00000
0.00000 0.00000 0.06083 0.10030 0.00004 0.80558
0.00000 0.00000 0.00000 0.00000 0.39884 0.00000
