initial: 6
0.72275 0.00270 0.08782 0.18673 0.00000 0.00000

transition: 6
0.29553 0.01812 0.49807 0.00203 0.00000 0.18626
0.20254 0.20556 0.59138 0.00050 0.00001 0.00001
0.00424 0.49978 0.19338 0.30237 0.00000 0.00023
0.00056 0.20236 0.00015 0.59706 0.00000 0.19987
0.10746 0.00000 0.00000 0.00000 0.50254 0.39000
0.00134 0.39448 0.00000 0.00000 0.30555 0.29864

observation: 6
0.69405 0.49584 0.29991 0.09979 0.00101 0.09745
0.00282 0.00293 0.40184 0.09873 0.10252 0.09678
0.30277 0.00061 0.20038 0.19583 0.09781 0.30251
0.00034 0.50062 0.09754 0.00000 0.00319 0.40394
0.00001 0.00000 0.00033 0.60566 0.00281 0.09931
0.00000 0.00000 0.00000 0.00000 0.79266 0.00000
