initial: 6
0.00000 0.11423 0.08854 0.20994 0.00000 0.58729

transition: 6
0.20234 0.23406 0.56359 0.00001 0.00000 0.00000
0.06170 0.29343 0.46357 0.01632 0.00000 0.16499
0.49914 0.00996 0.18128 0.30962 0.00000 0.00000
0.20053 0.00165 0.00151 0.59839 0.00000 0.19791
0.00000 0.10528 0.00000 0.00000 0.50622 0.38850
0.39915 0.00024 0.00000 0.00000 0.30713 0.29348

observation: 6
0.49183 0.68338 0.28845 0.10071 0.00215 0.09715
0.00348 0.01249 0.41538 0.09784 0.10145 0.09589
0.00002 0.29289 0.19621 0.19633 0.10064 0.30204
0.50467 0.01123 0.09947 0.00000 0.00569 0.40302
0.00000 0.00001 0.00049 0.60512 0.00202 0.10190
0.00000 0.00000 0.00000 0.00000 0.78805 0.00000
