initial: 6
0.00000 0.10841 0.09298 0.21007 0.00000 0.58854

transition: 6
0.20299 0.21662 0.58038 0.00001 0.00000 0.00000
0.03782 0.28861 0.48993 0.00576 0.00000 0.17788
0.49673 0.00803 0.18928 0.30595 0.00000 0.00000
0.20039 0.00094 0.00133 0.59852 0.00000 0.19882
0.00000 0.10381 0.00000 0.00000 0.50458 0.39161
0.39856 0.00013 0.00000 0.00000 0.30510 0.29621

observation: 6
0.49348 0.69135 0.29639 0.10051 0.00089 0.09839
0.00275 0.00662 0.40648 0.09845 0.10222 0.09596
0.00001 0.29657 0.19843 0.19633 0.09959 0.30157
0.50376 0.00546 0.09835 0.00000 0.00484 0.40258
0.00000 0.00000 0.00034 0.60471 0.00207 0.10150
0.00000 0.00000 0.00000 0.00000 0.79039 0.00000
