initial: 6
0.76296 0.00000 0.05839 0.17865 0.00000 0.00000

transition: 6
0.29984 0.11647 0.42189 0.00839 0.00001 0.15340
0.22334 0.31312 0.44370 0.01980 0.00000 0.00004
0.01830 0.58508 0.03940 0.35316 0.00023 0.00382
0.01004 0.20596 0.00287 0.58464 0.00012 0.19637
0.10687 0.00005 0.00000 0.00000 0.52264 0.37044
0.02245 0.39217 0.00000 0.00000 0.31975 0.26563

observation: 6
0.67323 0.46397 0.26139 0.09123 0.00766 0.09440
0.01932 0.04805 0.45786 0.09149 0.10739 0.07998
0.29975 0.00582 0.21943 0.19355 0.10175 0.30702
0.00729 0.48201 0.05451 0.00000 0.01267 0.41731
0.00040 0.00014 0.00682 0.62373 0.00452 0.10129
0.00000 0.00000 0.00000 0.00000 0.76601 0.00000
