initial: 6
0.48921 0.51079 0.00000 0.00000 0.00000 0.00000

transition: 6
0.26999 0.41385 0.01419 0.29927 0.00052 0.00217
0.00824 0.50514 0.20225 0.00041 0.00017 0.28379
0.01004 0.00288 0.21727 0.76559 0.00095 0.00326
0.00063 0.00843 0.00947 0.24405 0.53180 0.20562
0.00000 0.00000 0.00000 0.00000 0.50093 0.49907
0.76562 0.00024 0.05109 0.18304 0.00000 0.00000

observation: 6
0.00016 0.29711 0.01063 0.10195 0.29823 0.09707
0.08088 0.39992 0.00064 0.09912 0.00000 0.09924
0.41946 0.19795 0.47030 0.29578 0.30255 0.00000
0.49950 0.10502 0.48252 0.40359 0.00000 0.00000
0.00000 0.00000 0.03590 0.09956 0.00000 0.80368
0.00000 0.00000 0.00000 0.00000 0.39923 0.00000
