initial: 6
0.00011 0.15856 0.05583 0.20836 0.00000 0.57716

transition: 6
0.16237 0.46600 0.37107 0.00015 0.00007 0.00034
0.14635 0.40934 0.27112 0.09274 0.00000 0.08044
0.54169 0.02509 0.08813 0.34494 0.00008 0.00007
0.19643 0.01265 0.00547 0.59352 0.00008 0.19185
0.00091 0.11100 0.00000 0.00000 0.52265 0.36543
0.40186 0.00491 0.00000 0.00000 0.32596 0.26728

observation: 6
0.46832 0.60128 0.18185 0.10024 0.01082 0.09550
0.00808 0.07813 0.53069 0.09362 0.09839 0.08863
0.00065 0.22155 0.18949 0.19382 0.10857 0.31396
0.52287 0.09899 0.09368 0.00000 0.01534 0.39766
0.00007 0.00006 0.00429 0.61232 0.00315 0.10424
0.00000 0.00000 0.00000 0.00000 0.76374 0.00000
