initial: 6
0.76017 0.00000 0.06173 0.17810 0.00000 0.00000

transition: 6
0.29405 0.10280 0.41366 0.01719 0.00000 0.17230
0.00721 0.36243 0.59480 0.03555 0.00000 0.00000
0.02113 0.57821 0.08010 0.32045 0.00000 0.00012
0.01752 0.19537 0.00021 0.57853 0.00017 0.20819
0.10763 0.00000 0.00000 0.00000 0.55559 0.33678
0.01287 0.42457 0.00008 0.00000 0.32148 0.24100

observation: 6
0.96560 0.46445 0.26220 0.07853 0.01330 0.09199
0.01264 0.03264 0.46737 0.09470 0.10818 0.08289
0.01229 0.02372 0.23323 0.82641 0.10186 0.32102
0.00947 0.47920 0.03721 0.00036 0.04523 0.40506
0.00000 0.00000 0.00000 0.00000 0.01396 0.09903
0.00000 0.00000 0.00000 0.00000 0.71746 0.00000
