initial: 6
0.00000 0.10490 0.09544 0.21021 0.00000 0.58945

transition: 6
0.20287 0.20734 0.58978 0.00000 0.00000 0.00000
0.02064 0.28716 0.50536 0.00134 0.00000 0.18550
0.49583 0.00658 0.19422 0.30337 0.00000 0.00000
0.20035 0.00040 0.00116 0.59868 0.00000 0.19942
0.00000 0.10261 0.00000 0.00000 0.50331 0.39408
0.39805 0.00005 0.00000 0.00000 0.30365 0.29825

observation: 6
0.49464 0.69666 0.30038 0.10046 0.00016 0.09929
0.00212 0.00317 0.40173 0.09899 0.10278 0.09594
0.00000 0.29810 0.19961 0.19639 0.09885 0.30137
0.50324 0.00207 0.09806 0.00000 0.00397 0.40224
0.00000 0.00000 0.00022 0.60417 0.00208 0.10116
0.00000 0.00000 0.00000 0.00000 0.79216 0.00000
