initial: 6
0.50794 0.49206 0.00000 0.00000 0.00000 0.00000

transition: 6
0.29115 0.50626 0.00742 0.19385 0.00000 0.00132
0.00202 0.50125 0.19866 0.00001 0.00000 0.29806
0.00218 0.00037 0.20523 0.78716 0.00003 0.00504
0.00014 0.00197 0.00469 0.27653 0.51585 0.20082
0.00000 0.00000 0.00000 0.00000 0.50083 0.49917
0.60102 0.00002 0.20583 0.19313 0.00000 0.00000

observation: 6
0.00005 0.29992 0.00253 0.10033 0.29856 0.09818
0.09976 0.39660 0.00000 0.10148 0.00000 0.10054
0.40462 0.19990 0.48877 0.29560 0.30241 0.00000
0.49557 0.10358 0.50572 0.40266 0.00000 0.00000
0.00000 0.00000 0.00298 0.09994 0.00000 0.80129
0.00000 0.00000 0.00000 0.00000 0.39902 0.00000
