initial: 6
0.72019 0.00002 0.09227 0.18752 0.00000 0.00000

transition: 6
0.30825 0.00538 0.48807 0.00138 0.00000 0.19692
0.00060 0.20816 0.78603 0.00521 0.00000 0.00000
0.00113 0.50479 0.19527 0.29882 0.00000 0.00000
0.00043 0.20186 0.00001 0.59654 0.00000 0.20116
0.10489 0.00000 0.00000 0.00000 0.50331 0.39180
0.00029 0.39776 0.00000 0.00000 0.30204 0.29992

observation: 6
0.99538 0.49706 0.29680 0.09739 0.00169 0.09852
0.00218 0.00146 0.40373 0.09937 0.10444 0.09670
0.00235 0.00395 0.20030 0.80324 0.09140 0.31007
0.00009 0.49752 0.09918 0.00001 0.00895 0.39566
0.00000 0.00000 0.00000 0.00000 0.00334 0.09905
0.00000 0.00000 0.00000 0.00000 0.79019 0.00000
