initial: 6
0.72251 0.00274 0.08798 0.18677 0.00000 0.00000

transition: 6
0.29551 0.01764 0.49845 0.00195 0.00000 0.18645
0.20238 0.20531 0.59184 0.00046 0.00001 0.00001
0.00418 0.49957 0.19379 0.30224 0.00000 0.00022
0.00053 0.20233 0.00015 0.59710 0.00000 0.19990
0.10745 0.00000 0.00000 0.00000 0.50246 0.39009
0.00129 0.39447 0.00000 0.00000 0.30547 0.29877

observation: 6
0.69415 0.49595 0.30004 0.09981 0.00096 0.09749
0.00275 0.00281 0.40166 0.09877 0.10253 0.09682
0.30279 0.00059 0.20036 0.19584 0.09781 0.30247
0.00030 0.50065 0.09761 0.00000 0.00311 0.40393
0.00001 0.00000 0.00032 0.60559 0.00282 0.09929
0.00000 0.00000 0.00000 0.00000 0.79276 0.00000
