initial: 6
0.00000 0.10393 0.09609 0.21027 0.00000 0.58970

transition: 6
0.20273 0.20491 0.59235 0.00000 0.00001 0.00000
0.01510 0.28712 0.50969 0.00055 0.00000 0.18755
0.49571 0.00609 0.19565 0.30255 0.00000 0.00000
0.20037 0.00022 0.00109 0.59875 0.00000 0.19957
0.00000 0.10220 0.00000 0.00000 0.50288 0.39492
0.39788 0.00002 0.00000 0.00000 0.30320 0.29889

observation: 6
0.49501 0.69826 0.30140 0.10047 0.00004 0.09949
0.00190 0.00222 0.40046 0.09918 0.10296 0.09592
0.00000 0.29838 0.19991 0.19642 0.09861 0.30135
0.50309 0.00115 0.09807 0.00000 0.00357 0.40219
0.00000 0.00000 0.00017 0.60393 0.00207 0.10105
0.00000 0.00000 0.00000 0.00000 0.79276 0.00000
