initial: 6
0.71973 0.00010 0.09237 0.18781 0.00000 0.00000

transition: 6
0.30840 0.00333 0.49042 0.00094 0.00000 0.19692
0.00066 0.20408 0.79183 0.00343 0.00000 0.00000
0.00085 0.50212 0.19836 0.29867 0.00000 0.00000
0.00020 0.20163 0.00001 0.59709 0.00000 0.20107
0.10488 0.00000 0.00000 0.00000 0.50148 0.39364
0.00018 0.39660 0.00000 0.00000 0.30132 0.30189

observation: 6
0.99559 0.49769 0.29740 0.09790 0.00118 0.09875
0.00219 0.00079 0.40193 0.09951 0.10437 0.09704
0.00221 0.00318 0.20023 0.80259 0.09130 0.30958
0.00001 0.49834 0.10044 0.00000 0.00736 0.39560
0.00000 0.00000 0.00000 0.00000 0.00297 0.09902
0.00000 0.00000 0.00000 0.00000 0.79283 0.00000
