initial: 6
0.00000 0.10849 0.09292 0.21007 0.00000 0.58852

transition: 6
0.20299 0.21684 0.58017 0.00001 0.00000 0.00000
0.03816 0.28866 0.48960 0.00588 0.00000 0.17771
0.49676 0.00806 0.18918 0.30601 0.00000 0.00000
0.20039 0.00095 0.00133 0.59852 0.00000 0.19881
0.00000 0.10383 0.00000 0.00000 0.50460 0.39156
0.39857 0.00013 0.00000 0.00000 0.30513 0.29617

observation: 6
0.49345 0.69124 0.29630 0.10051 0.00091 0.09838
0.00276 0.00670 0.40659 0.09844 0.10221 0.09595
0.00001 0.29653 0.19841 0.19633 0.09960 0.30157
0.50377 0.00553 0.09836 0.00000 0.00485 0.40259
0.00000 0.00000 0.00034 0.60472 0.00207 0.10151
0.00000 0.00000 0.00000 0.00000 0.79036 0.00000
