initial: 6
0.74188 0.00000 0.07652 0.18160 0.00000 0.00000

transition: 6
0.30703 0.05905 0.43374 0.00829 0.00000 0.19190
0.00226 0.31677 0.65157 0.02940 0.00000 0.00000
0.00785 0.55722 0.12425 0.31065 0.00000 0.00003
0.00766 0.20319 0.00008 0.58511 0.00006 0.20390
0.10642 0.00000 0.00000 0.00000 0.53203 0.36155
0.00442 0.41416 0.00001 0.00000 0.31445 0.26695

observation: 6
0.98013 0.48308 0.27325 0.08583 0.00869 0.09443
0.00681 0.01844 0.44802 0.09647 0.10624 0.08952
0.00712 0.01601 0.22009 0.81758 0.09556 0.31693
0.00594 0.48247 0.05864 0.00012 0.03093 0.39934
0.00000 0.00000 0.00000 0.00000 0.00912 0.09977
0.00000 0.00000 0.00000 0.00000 0.74946 0.00000
