initial: 6
0.75296 0.00000 0.06536 0.18168 0.00000 0.00000

transition: 6
0.30076 0.08152 0.44811 0.00818 0.00000 0.16143
0.22258 0.26780 0.49881 0.01079 0.00000 0.00002
0.01197 0.55480 0.09656 0.33491 0.00006 0.00170
0.00495 0.20818 0.00078 0.59040 0.00003 0.19566
0.10761 0.00001 0.00000 0.00000 0.51352 0.37886
0.01130 0.39429 0.00000 0.00000 0.31564 0.27876

observation: 6
0.67840 0.47560 0.27497 0.09584 0.00555 0.09465
0.01574 0.03081 0.43713 0.09355 0.10513 0.08634
0.30067 0.00370 0.20886 0.19485 0.09763 0.30814
0.00502 0.48985 0.07597 0.00000 0.00980 0.40997
0.00016 0.00004 0.00306 0.61577 0.00328 0.10090
0.00000 0.00000 0.00000 0.00000 0.77862 0.00000
