initial: 6
0.00000 0.14463 0.06460 0.20925 0.00000 0.58152

transition: 6
0.18407 0.37024 0.44561 0.00006 0.00000 0.00002
0.14223 0.35121 0.32299 0.07944 0.00000 0.10414
0.52186 0.01870 0.13204 0.32740 0.00000 0.00000
0.19947 0.00669 0.00277 0.59690 0.00000 0.19418
0.00009 0.10962 0.00000 0.00000 0.51506 0.37523
0.40173 0.00162 0.00000 0.00000 0.31733 0.27932

observation: 6
0.48129 0.63723 0.22073 0.10156 0.00789 0.09469
0.00610 0.04891 0.48774 0.09561 0.09890 0.09321
0.00012 0.25433 0.18471 0.19586 0.10589 0.30753
0.51247 0.05951 0.10513 0.00000 0.01030 0.40119
0.00002 0.00003 0.00168 0.60697 0.00226 0.10338
0.00000 0.00000 0.00000 0.00000 0.77475 0.00000
