initial: 6
0.00002 0.15274 0.05907 0.20898 0.00000 0.57920

transition: 6
0.17211 0.42307 0.40461 0.00010 0.00002 0.00010
0.14789 0.38202 0.29041 0.08953 0.00000 0.09014
0.53200 0.02151 0.11106 0.33540 0.00001 0.00001
0.19804 0.00961 0.00380 0.59549 0.00002 0.19304
0.00032 0.11060 0.00000 0.00000 0.51886 0.37022
0.40211 0.00296 0.00000 0.00000 0.32158 0.27334

observation: 6
0.47509 0.61843 0.19727 0.10117 0.00946 0.09502
0.00716 0.06365 0.51355 0.09467 0.09853 0.09111
0.00028 0.23660 0.18527 0.19502 0.10745 0.31061
0.51744 0.08127 0.10125 0.00000 0.01273 0.39939
0.00003 0.00004 0.00267 0.60913 0.00264 0.10386
0.00000 0.00000 0.00000 0.00000 0.76919 0.00000
