initial: 6
0.77397 0.00000 0.07499 0.15104 0.00000 0.00000

transition: 6
0.31932 0.23310 0.32848 0.00551 0.00174 0.11184
0.22726 0.42013 0.32393 0.02842 0.00002 0.00024
0.04766 0.54173 0.00341 0.37119 0.00188 0.03412
0.04347 0.15922 0.06606 0.51252 0.00170 0.21703
0.10306 0.00175 0.00000 0.00000 0.56510 0.33009
0.12194 0.32312 0.00004 0.00000 0.32549 0.22941

observation: 6
0.69895 0.40223 0.21859 0.07208 0.01851 0.08284
0.01745 0.10285 0.49768 0.02370 0.10763 0.07412
0.26437 0.02550 0.25038 0.16990 0.13401 0.27787
0.01664 0.46761 0.00496 0.00007 0.01844 0.46598
0.00259 0.00181 0.02839 0.73425 0.01348 0.09841
0.00000 0.00000 0.00000 0.00000 0.70793 0.00078
