initial: 6
0.00537 0.16095 0.06355 0.20017 0.00000 0.56996

transition: 6
0.16299 0.53155 0.29877 0.00047 0.00167 0.00454
0.14071 0.45518 0.25812 0.08642 0.00000 0.05956
0.55837 0.03970 0.03087 0.36642 0.00156 0.00308
0.18997 0.02310 0.02043 0.57760 0.00099 0.18790
0.00849 0.10591 0.00000 0.00000 0.53549 0.35011
0.39776 0.01575 0.00001 0.00000 0.34257 0.24391

observation: 6
0.45095 0.56626 0.16467 0.09322 0.01469 0.09419
0.00931 0.10815 0.54804 0.08351 0.09987 0.08016
0.00653 0.18794 0.22147 0.18786 0.11056 0.32799
0.53283 0.13746 0.04789 0.00001 0.02454 0.39278
0.00039 0.00018 0.01792 0.63541 0.00562 0.10488
0.00000 0.00000 0.00000 0.00000 0.74471 0.00000
