initial: 6
0.00000 0.10485 0.09547 0.21021 0.00000 0.58947

transition: 6
0.20287 0.20721 0.58992 0.00000 0.00000 0.00000
0.02034 0.28716 0.50560 0.00129 0.00000 0.18562
0.49582 0.00656 0.19430 0.30332 0.00000 0.00000
0.20035 0.00039 0.00115 0.59869 0.00000 0.19943
0.00000 0.10258 0.00000 0.00000 0.50329 0.39413
0.39804 0.00005 0.00000 0.00000 0.30363 0.29828

observation: 6
0.49466 0.69675 0.30044 0.10046 0.00016 0.09931
0.00211 0.00311 0.40166 0.09900 0.10279 0.09593
0.00000 0.29812 0.19962 0.19639 0.09883 0.30137
0.50323 0.00202 0.09806 0.00000 0.00395 0.40224
0.00000 0.00000 0.00022 0.60416 0.00208 0.10115
0.00000 0.00000 0.00000 0.00000 0.79219 0.00000
