initial: 6
0.57244 0.15282 0.11327 0.15979 0.00146 0.00021

transition: 6
0.48604 0.41394 0.05688 0.02448 0.00695 0.01170
0.20271 0.51280 0.22726 0.04038 0.00612 0.01074
0.17540 0.13167 0.28822 0.35920 0.02030 0.02521
0.14688 0.09823 0.08913 0.54143 0.09031 0.03402
0.05168 0.03331 0.01630 0.01429 0.53164 0.35278
0.25989 0.05926 0.01813 0.00750 0.19037 0.46485

observation: 6
0.47532 0.45194 0.21995 0.07076 0.03096 0.05856
0.09552 0.18650 0.26310 0.07198 0.07952 0.07837
0.15976 0.11008 0.21958 0.17404 0.23523 0.19223
0.26646 0.24753 0.12180 0.05991 0.15424 0.30578
0.00294 0.00395 0.17557 0.62329 0.06555 0.01400
0.00000 0.00000 0.00000 0.00002 0.43450 0.35105
