initial: 6
0.71971 0.00011 0.09236 0.18782 0.00000 0.00000

transition: 6
0.30841 0.00325 0.49051 0.00092 0.00000 0.19692
0.00066 0.20394 0.79204 0.00336 0.00000 0.00000
0.00084 0.50202 0.19848 0.29867 0.00000 0.00000
0.00019 0.20162 0.00001 0.59711 0.00000 0.20107
0.10488 0.00000 0.00000 0.00000 0.50140 0.39372
0.00018 0.39655 0.00000 0.00000 0.30130 0.30198

observation: 6
0.99559 0.49771 0.29742 0.09792 0.00115 0.09876
0.00219 0.00077 0.40186 0.09952 0.10436 0.09706
0.00221 0.00314 0.20024 0.80256 0.09129 0.30956
0.00001 0.49838 0.10048 0.00000 0.00729 0.39560
0.00000 0.00000 0.00000 0.00000 0.00295 0.09902
0.00000 0.00000 0.00000 0.00000 0.79295 0.00000
