initial: 6
0.84991 0.00000 0.00301 0.14708 0.00000 0.00000

transition: 6
0.24238 0.35364 0.28722 0.06437 0.00320 0.04918
0.11281 0.58744 0.27257 0.02702 0.00001 0.00015
0.19813 0.31551 0.03584 0.41116 0.00037 0.03899
0.08504 0.05353 0.01879 0.54615 0.02687 0.26962
0.11168 0.00155 0.00001 0.00007 0.68127 0.20542
0.15641 0.44683 0.01851 0.00005 0.26811 0.11010

observation: 6
0.88711 0.30568 0.17696 0.05849 0.03285 0.08472
0.03720 0.17810 0.47016 0.04689 0.12246 0.02701
0.05786 0.09299 0.30708 0.88714 0.15973 0.22393
0.01784 0.42324 0.04579 0.00748 0.07883 0.57899
0.00000 0.00000 0.00000 0.00000 0.03677 0.08528
0.00000 0.00000 0.00000 0.00000 0.56935 0.00008
