initial: 6
0.49521 0.50479 0.00000 0.00000 0.00000 0.00000

transition: 6
0.23043 0.40978 0.03623 0.31269 0.00701 0.00387
0.02753 0.48208 0.21682 0.00656 0.01069 0.25632
0.06488 0.02014 0.15121 0.74242 0.01530 0.00604
0.00398 0.02993 0.02323 0.25675 0.51131 0.17481
0.00000 0.00024 0.00000 0.00000 0.50398 0.49578
0.82609 0.00084 0.00960 0.16229 0.00119 0.00000

observation: 6
0.00106 0.30020 0.03165 0.08466 0.30286 0.09353
0.07626 0.40661 0.01751 0.08996 0.00022 0.09587
0.42379 0.19353 0.41808 0.30010 0.30178 0.00000
0.49889 0.09952 0.41078 0.42405 0.00000 0.00000
0.00000 0.00014 0.12198 0.10123 0.00073 0.81060
0.00000 0.00000 0.00000 0.00000 0.39442 0.00000
