initial: 6
0.00000 0.10348 0.09642 0.21030 0.00000 0.58980

transition: 6
0.20266 0.20371 0.59359 0.00000 0.00005 0.00000
0.01220 0.28718 0.51189 0.00027 0.00001 0.18846
0.49569 0.00583 0.19637 0.30211 0.00000 0.00000
0.20041 0.00013 0.00105 0.59879 0.00000 0.19962
0.00000 0.10199 0.00000 0.00000 0.50265 0.39536
0.39784 0.00001 0.00000 0.00000 0.30297 0.29918

observation: 6
0.49520 0.69908 0.30188 0.10047 0.00001 0.09951
0.00178 0.00174 0.39982 0.09928 0.10305 0.09592
0.00000 0.29846 0.20006 0.19644 0.09848 0.30139
0.50301 0.00072 0.09809 0.00000 0.00332 0.40218
0.00000 0.00000 0.00014 0.60380 0.00206 0.10100
0.00000 0.00000 0.00000 0.00000 0.79308 0.00000
