initial: 6
0.00000 0.10343 0.09646 0.21030 0.00000 0.58980

transition: 6
0.20265 0.20359 0.59371 0.00000 0.00006 0.00000
0.01191 0.28719 0.51212 0.00024 0.00001 0.18853
0.49569 0.00581 0.19644 0.30206 0.00000 0.00000
0.20042 0.00012 0.00104 0.59880 0.00000 0.19962
0.00000 0.10197 0.00000 0.00000 0.50262 0.39540
0.39785 0.00001 0.00000 0.00000 0.30295 0.29920

observation: 6
0.49522 0.69916 0.30193 0.10048 0.00001 0.09950
0.00177 0.00169 0.39976 0.09929 0.10305 0.09592
0.00000 0.29847 0.20008 0.19644 0.09847 0.30140
0.50300 0.00068 0.09810 0.00000 0.00330 0.40218
0.00000 0.00000 0.00014 0.60379 0.00205 0.10100
0.00000 0.00000 0.00000 0.00000 0.79311 0.00000
