initial: 6
0.00000 0.10679 0.09414 0.21012 0.00000 0.58895

transition: 6
0.20300 0.21222 0.58477 0.00000 0.00000 0.00000
0.03028 0.28775 0.49708 0.00346 0.00000 0.18143
0.49624 0.00741 0.19154 0.30481 0.00000 0.00000
0.20036 0.00070 0.00126 0.59858 0.00000 0.19909
0.00000 0.10330 0.00000 0.00000 0.50403 0.39267
0.39835 0.00009 0.00000 0.00000 0.30446 0.29710

observation: 6
0.49399 0.69373 0.29831 0.10047 0.00054 0.09881
0.00249 0.00502 0.40424 0.09867 0.10247 0.09595
0.00001 0.29736 0.19899 0.19634 0.09926 0.30147
0.50352 0.00389 0.09817 0.00000 0.00451 0.40242
0.00000 0.00000 0.00029 0.60451 0.00208 0.10136
0.00000 0.00000 0.00000 0.00000 0.79115 0.00000
