initial: 6
0.71962 0.00020 0.09224 0.18793 0.00000 0.00000

transition: 6
0.30850 0.00262 0.49123 0.00075 0.00000 0.19691
0.00071 0.20281 0.79374 0.00274 0.00000 0.00000
0.00074 0.50120 0.19938 0.29868 0.00000 0.00000
0.00012 0.20156 0.00001 0.59729 0.00000 0.20101
0.10489 0.00000 0.00000 0.00000 0.50069 0.39442
0.00014 0.39611 0.00000 0.00000 0.30105 0.30271

observation: 6
0.99559 0.49793 0.29754 0.09807 0.00096 0.09883
0.00223 0.00057 0.40133 0.09957 0.10434 0.09717
0.00217 0.00286 0.20031 0.80236 0.09123 0.30939
0.00000 0.49864 0.10082 0.00000 0.00668 0.39559
0.00000 0.00000 0.00000 0.00000 0.00281 0.09901
0.00000 0.00000 0.00000 0.00000 0.79398 0.00000
