initial: 6
0.72962 0.00054 0.08447 0.18537 0.00000 0.00000

transition: 6
0.29629 0.03031 0.48821 0.00396 0.00000 0.18123
0.20677 0.21338 0.57814 0.00169 0.00000 0.00001
0.00564 0.50637 0.18144 0.30614 0.00000 0.00040
0.00123 0.20343 0.00017 0.59606 0.00000 0.19910
0.10774 0.00000 0.00000 0.00000 0.50427 0.38799
0.00268 0.39459 0.00000 0.00000 0.30750 0.29523

observation: 6
0.69135 0.49298 0.29598 0.09917 0.00212 0.09645
0.00488 0.00641 0.40715 0.09772 0.10247 0.09571
0.30206 0.00114 0.20104 0.19555 0.09746 0.30380
0.00169 0.49947 0.09519 0.00000 0.00480 0.40432
0.00003 0.00000 0.00064 0.60756 0.00263 0.09972
0.00000 0.00000 0.00000 0.00000 0.79053 0.00000
