initial: 6
0.00000 0.12856 0.07699 0.20960 0.00000 0.58486

transition: 6
0.19753 0.28785 0.51459 0.00003 0.00000 0.00000
0.10870 0.31277 0.39611 0.04784 0.00000 0.13460
0.50767 0.01419 0.16067 0.31747 0.00000 0.00000
0.20058 0.00342 0.00192 0.59804 0.00000 0.19604
0.00001 0.10762 0.00000 0.00000 0.50987 0.38250
0.40034 0.00060 0.00000 0.00000 0.31151 0.28755

observation: 6
0.48789 0.66425 0.26200 0.10127 0.00492 0.09531
0.00471 0.02779 0.44369 0.09679 0.10001 0.09524
0.00004 0.27924 0.19006 0.19633 0.10303 0.30385
0.50735 0.02870 0.10338 0.00000 0.00744 0.40301
0.00001 0.00002 0.00087 0.60560 0.00199 0.10259
0.00000 0.00000 0.00000 0.00000 0.78261 0.00000
