initial: 6
0.77025 0.00000 0.05618 0.17356 0.00000 0.00000

transition: 6
0.29943 0.15593 0.39251 0.00794 0.00011 0.14409
0.22274 0.35363 0.39466 0.02889 0.00000 0.00008
0.02674 0.59470 0.01271 0.35664 0.00060 0.00862
0.01895 0.19421 0.01133 0.57438 0.00036 0.20078
0.10574 0.00024 0.00000 0.00000 0.53478 0.35923
0.04313 0.38237 0.00000 0.00000 0.32332 0.25119

observation: 6
0.67739 0.44868 0.24853 0.08425 0.01064 0.09320
0.01872 0.05991 0.48116 0.08507 0.10907 0.07517
0.29272 0.00906 0.23250 0.18997 0.10980 0.30136
0.01021 0.48187 0.02318 0.00000 0.01508 0.42870
0.00097 0.00049 0.01463 0.64070 0.00646 0.10153
0.00000 0.00000 0.00000 0.00000 0.74894 0.00004
