initial: 6
0.72397 0.00244 0.08709 0.18650 0.00000 0.00000

transition: 6
0.29561 0.02039 0.49626 0.00241 0.00000 0.18533
0.20333 0.20680 0.58918 0.00068 0.00001 0.00001
0.00453 0.50082 0.19141 0.30298 0.00000 0.00026
0.00068 0.20253 0.00015 0.59689 0.00000 0.19975
0.10752 0.00000 0.00000 0.00000 0.50290 0.38959
0.00159 0.39452 0.00000 0.00000 0.30591 0.29799

observation: 6
0.69359 0.49531 0.29925 0.09968 0.00124 0.09726
0.00317 0.00352 0.40274 0.09855 0.10249 0.09661
0.30266 0.00071 0.20045 0.19576 0.09776 0.30273
0.00058 0.50046 0.09717 0.00000 0.00353 0.40400
0.00001 0.00000 0.00038 0.60601 0.00276 0.09940
0.00000 0.00000 0.00000 0.00000 0.79221 0.00000
