initial: 6
0.72066 0.00001 0.09201 0.18733 0.00000 0.00000

transition: 6
0.30821 0.00702 0.48621 0.00166 0.00000 0.19690
0.00059 0.21165 0.78127 0.00648 0.00000 0.00000
0.00131 0.50690 0.19274 0.29905 0.00000 0.00000
0.00062 0.20205 0.00001 0.59611 0.00000 0.20121
0.10491 0.00000 0.00000 0.00000 0.50451 0.39058
0.00037 0.39851 0.00000 0.00000 0.30254 0.29858

observation: 6
0.99513 0.49662 0.29621 0.09700 0.00204 0.09833
0.00221 0.00199 0.40520 0.09927 0.10449 0.09645
0.00246 0.00449 0.20053 0.80373 0.09144 0.31042
0.00020 0.49689 0.09807 0.00001 0.00999 0.39571
0.00000 0.00000 0.00000 0.00000 0.00357 0.09909
0.00000 0.00000 0.00000 0.00000 0.78847 0.00000
