initial: 6
0.84712 0.00000 0.00431 0.14857 0.00000 0.00000

transition: 6
0.24146 0.34312 0.29841 0.06348 0.00306 0.05048
0.11117 0.57966 0.28183 0.02720 0.00001 0.00012
0.19700 0.33581 0.02968 0.39958 0.00035 0.03757
0.08433 0.05368 0.01759 0.54813 0.02576 0.27051
0.11117 0.00138 0.00001 0.00006 0.67979 0.20759
0.15242 0.44831 0.01879 0.00004 0.27086 0.10959

observation: 6
0.89152 0.30867 0.17248 0.05814 0.03267 0.08509
0.03553 0.16989 0.48142 0.04764 0.12230 0.02831
0.05547 0.09312 0.30457 0.88671 0.15814 0.23086
0.01748 0.42833 0.04152 0.00750 0.07927 0.57029
0.00000 0.00000 0.00000 0.00000 0.03660 0.08539
0.00000 0.00000 0.00000 0.00000 0.57102 0.00006
