initial: 6
0.49414 0.50586 0.00000 0.00000 0.00000 0.00000

transition: 6
0.23216 0.40845 0.03553 0.31352 0.00663 0.00371
0.02664 0.48405 0.21597 0.00600 0.00956 0.25778
0.06172 0.01915 0.15333 0.74588 0.01401 0.00590
0.00375 0.02870 0.02265 0.25498 0.51276 0.17716
0.00000 0.00020 0.00000 0.00000 0.50371 0.49609
0.82494 0.00081 0.00979 0.16343 0.00103 0.00000

observation: 6
0.00098 0.29988 0.02987 0.08665 0.30235 0.09365
0.07625 0.40630 0.01575 0.09089 0.00019 0.09598
0.42368 0.19398 0.42131 0.29947 0.30180 0.00000
0.49910 0.09973 0.41648 0.42179 0.00000 0.00000
0.00000 0.00012 0.11659 0.10120 0.00064 0.81037
0.00000 0.00000 0.00000 0.00000 0.39502 0.00000
