initial: 6
0.00000 0.10672 0.09419 0.21013 0.00000 0.58897

transition: 6
0.20300 0.21203 0.58497 0.00000 0.00000 0.00000
0.02993 0.28772 0.49740 0.00336 0.00000 0.18159
0.49622 0.00738 0.19164 0.30476 0.00000 0.00000
0.20036 0.00069 0.00126 0.59859 0.00000 0.19911
0.00000 0.10327 0.00000 0.00000 0.50401 0.39272
0.39834 0.00009 0.00000 0.00000 0.30443 0.29714

observation: 6
0.49401 0.69384 0.29839 0.10047 0.00052 0.09883
0.00247 0.00494 0.40414 0.09868 0.10248 0.09595
0.00001 0.29739 0.19902 0.19635 0.09925 0.30146
0.50351 0.00382 0.09816 0.00000 0.00449 0.40241
0.00000 0.00000 0.00029 0.60450 0.00208 0.10135
0.00000 0.00000 0.00000 0.00000 0.79119 0.00000
