initial: 6
0.51862 0.48137 0.00000 0.00000 0.00000 0.00000

transition: 6
0.21879 0.43434 0.04620 0.28075 0.01259 0.00733
0.03562 0.45146 0.23412 0.01602 0.03046 0.23232
0.10266 0.03000 0.14314 0.67981 0.03686 0.00754
0.00827 0.04624 0.03315 0.28574 0.48765 0.13895
0.00000 0.00114 0.00016 0.00000 0.50759 0.49111
0.82413 0.00113 0.00941 0.16142 0.00390 0.00000

observation: 6
0.00219 0.30772 0.05231 0.05288 0.30961 0.09366
0.07838 0.41226 0.05030 0.07333 0.00063 0.09399
0.42673 0.18153 0.36658 0.31287 0.30323 0.00003
0.49270 0.09748 0.32461 0.46366 0.00015 0.00000
0.00000 0.00100 0.20620 0.09725 0.00238 0.81232
0.00000 0.00000 0.00000 0.00000 0.38401 0.00000
