initial: 6
0.76283 0.00299 0.09220 0.14197 0.00000 0.00000

transition: 6
0.39919 0.39934 0.14348 0.00511 0.01963 0.03324
0.18190 0.58979 0.20630 0.01717 0.00123 0.00361
0.18616 0.15795 0.03587 0.58884 0.00402 0.02717
0.17712 0.11500 0.06945 0.46800 0.01089 0.15955
0.09785 0.01874 0.00030 0.00087 0.61773 0.26450
0.34413 0.06375 0.00056 0.00003 0.29710 0.29443

observation: 6
0.51322 0.41200 0.27391 0.04230 0.02906 0.03493
0.04412 0.19741 0.39932 0.01976 0.10957 0.06808
0.23128 0.06642 0.25581 0.14857 0.16083 0.23907
0.20836 0.32261 0.01109 0.01578 0.04922 0.47953
0.00302 0.00155 0.05987 0.77360 0.01995 0.07759
0.00000 0.00000 0.00000 0.00000 0.63137 0.10079
