initial: 6
0.72039 0.00284 0.08961 0.18716 0.00000 0.00000

transition: 6
0.29556 0.01318 0.50195 0.00122 0.00000 0.18810
0.20091 0.20314 0.59572 0.00018 0.00005 0.00001
0.00355 0.49785 0.19729 0.30117 0.00000 0.00015
0.00027 0.20208 0.00017 0.59740 0.00000 0.20008
0.10736 0.00000 0.00000 0.00000 0.50165 0.39099
0.00080 0.39441 0.00000 0.00000 0.30477 0.30002

observation: 6
0.69496 0.49696 0.30121 0.10000 0.00050 0.09781
0.00209 0.00176 0.40005 0.09910 0.10261 0.09711
0.30290 0.00039 0.20029 0.19599 0.09785 0.30213
0.00005 0.50090 0.09824 0.00000 0.00231 0.40384
0.00000 0.00000 0.00022 0.60491 0.00292 0.09911
0.00000 0.00000 0.00000 0.00000 0.79381 0.00000
