initial: 6
0.72562 0.00188 0.08632 0.18618 0.00000 0.00000

transition: 6
0.29579 0.02329 0.49393 0.00288 0.00000 0.18412
0.20435 0.20851 0.58618 0.00094 0.00000 0.00001
0.00487 0.50228 0.18873 0.30381 0.00000 0.00030
0.00085 0.20277 0.00015 0.59666 0.00000 0.19957
0.10759 0.00000 0.00000 0.00000 0.50332 0.38909
0.00190 0.39455 0.00000 0.00000 0.30638 0.29716

observation: 6
0.69296 0.49464 0.29835 0.09954 0.00151 0.09701
0.00363 0.00431 0.40395 0.09831 0.10247 0.09638
0.30247 0.00083 0.20058 0.19569 0.09769 0.30303
0.00093 0.50022 0.09666 0.00000 0.00394 0.40408
0.00002 0.00000 0.00045 0.60646 0.00271 0.09951
0.00000 0.00000 0.00000 0.00000 0.79168 0.00000
