initial: 6
0.00000 0.12108 0.08304 0.20979 0.00000 0.58609

transition: 6
0.20062 0.25778 0.54158 0.00002 0.00000 0.00000
0.08592 0.30142 0.43151 0.03105 0.00000 0.15010
0.50281 0.01202 0.17171 0.31347 0.00000 0.00000
0.20063 0.00245 0.00170 0.59826 0.00000 0.19696
0.00000 0.10655 0.00000 0.00000 0.50794 0.38551
0.39972 0.00039 0.00000 0.00000 0.30925 0.29064

observation: 6
0.49000 0.67441 0.27704 0.10099 0.00351 0.09610
0.00412 0.01959 0.42770 0.09730 0.10070 0.09567
0.00003 0.28718 0.19332 0.19635 0.10179 0.30277
0.50586 0.01880 0.10128 0.00000 0.00651 0.40320
0.00000 0.00001 0.00066 0.60536 0.00198 0.10225
0.00000 0.00000 0.00000 0.00000 0.78551 0.00000
