initial: 6
0.72124 0.00000 0.09164 0.18712 0.00000 0.00000

transition: 6
0.30821 0.00884 0.48415 0.00193 0.00000 0.19686
0.00061 0.21570 0.77589 0.00781 0.00000 0.00000
0.00150 0.50922 0.18990 0.29939 0.00000 0.00000
0.00083 0.20226 0.00001 0.59566 0.00000 0.20124
0.10494 0.00000 0.00000 0.00000 0.50571 0.38935
0.00047 0.39926 0.00000 0.00000 0.30306 0.29722

observation: 6
0.99478 0.49617 0.29547 0.09656 0.00238 0.09814
0.00227 0.00258 0.40686 0.09918 0.10455 0.09618
0.00259 0.00504 0.20091 0.80425 0.09147 0.31078
0.00035 0.49621 0.09676 0.00001 0.01103 0.39577
0.00000 0.00000 0.00000 0.00000 0.00381 0.09913
0.00000 0.00000 0.00000 0.00000 0.78676 0.00000
