initial: 6
0.76792 0.00143 0.08865 0.14201 0.00000 0.00000

transition: 6
0.39505 0.39123 0.15327 0.00501 0.01781 0.03763
0.18181 0.59394 0.20220 0.01757 0.00103 0.00344
0.18215 0.16592 0.03014 0.58663 0.00370 0.03145
0.16150 0.11603 0.07180 0.46483 0.00756 0.17828
0.10983 0.01816 0.00022 0.00079 0.61224 0.25876
0.34263 0.06953 0.00046 0.00001 0.31374 0.27363

observation: 6
0.53015 0.40445 0.27326 0.04279 0.02910 0.03574
0.04126 0.19847 0.40209 0.01815 0.10710 0.07244
0.23264 0.06528 0.25647 0.14672 0.15701 0.24410
0.19283 0.33014 0.01105 0.01320 0.04192 0.49971
0.00313 0.00165 0.05713 0.77914 0.02131 0.07759
0.00000 0.00000 0.00000 0.00000 0.64357 0.07042
