initial: 6
0.86050 0.00000 0.00064 0.13885 0.00000 0.00000

transition: 6
0.26268 0.41336 0.20694 0.07318 0.00389 0.03995
0.12478 0.60219 0.24353 0.02888 0.00007 0.00056
0.18520 0.20911 0.11123 0.45346 0.00061 0.04039
0.08853 0.05808 0.02929 0.53224 0.03355 0.25831
0.11595 0.00377 0.00011 0.00039 0.68966 0.19013
0.20220 0.40655 0.01609 0.00014 0.25313 0.12190

observation: 6
0.84948 0.29136 0.20711 0.06265 0.03470 0.07773
0.05241 0.22120 0.38475 0.04405 0.12166 0.02202
0.07097 0.08306 0.33493 0.88527 0.16832 0.18062
0.02715 0.40438 0.07321 0.00801 0.07660 0.63195
0.00000 0.00000 0.00000 0.00001 0.03696 0.08696
0.00000 0.00000 0.00000 0.00000 0.56176 0.00072
