initial: 6
0.00000 0.13406 0.07261 0.20946 0.00000 0.58387

transition: 6
0.19419 0.31309 0.49268 0.00004 0.00000 0.00000
0.12287 0.32331 0.37034 0.05975 0.00000 0.12373
0.51188 0.01575 0.15187 0.32050 0.00000 0.00000
0.20038 0.00430 0.00213 0.59779 0.00000 0.19540
0.00002 0.10832 0.00000 0.00000 0.51143 0.38024
0.40082 0.00083 0.00000 0.00000 0.31327 0.28507

observation: 6
0.48610 0.65605 0.24917 0.10144 0.00594 0.09493
0.00514 0.03432 0.45728 0.09643 0.09957 0.09475
0.00006 0.27207 0.18779 0.19626 0.10397 0.30486
0.50870 0.03753 0.10469 0.00000 0.00824 0.40261
0.00001 0.00002 0.00107 0.60586 0.00203 0.10284
0.00000 0.00000 0.00000 0.00000 0.78024 0.00000
