initial: 6
0.00000 0.10809 0.09322 0.21008 0.00000 0.58862

transition: 6
0.20300 0.21572 0.58127 0.00001 0.00000 0.00000
0.03634 0.28841 0.49138 0.00526 0.00000 0.17860
0.49663 0.00791 0.18973 0.30573 0.00000 0.00000
0.20038 0.00089 0.00132 0.59853 0.00000 0.19887
0.00000 0.10371 0.00000 0.00000 0.50447 0.39182
0.39852 0.00012 0.00000 0.00000 0.30498 0.29638

observation: 6
0.49358 0.69182 0.29679 0.10050 0.00082 0.09848
0.00270 0.00630 0.40602 0.09849 0.10227 0.09596
0.00001 0.29674 0.19855 0.19633 0.09953 0.30155
0.50371 0.00514 0.09831 0.00000 0.00478 0.40255
0.00000 0.00000 0.00033 0.60468 0.00207 0.10147
0.00000 0.00000 0.00000 0.00000 0.79054 0.00000
