initial: 6
0.50765 0.49235 0.00000 0.00000 0.00000 0.00000

transition: 6
0.29184 0.50797 0.00671 0.19301 0.00000 0.00047
0.00087 0.50186 0.19881 0.00000 0.00000 0.29845
0.00215 0.00021 0.20270 0.78872 0.00000 0.00621
0.00014 0.00119 0.00444 0.28122 0.51303 0.19998
0.00000 0.00000 0.00000 0.00000 0.50079 0.49921
0.59873 0.00000 0.20654 0.19472 0.00000 0.00000

observation: 6
0.00016 0.29981 0.00158 0.10013 0.29873 0.09835
0.09987 0.39659 0.00000 0.10146 0.00000 0.10062
0.40446 0.19995 0.49011 0.29584 0.30231 0.00000
0.49551 0.10365 0.50656 0.40262 0.00000 0.00000
0.00000 0.00000 0.00175 0.09995 0.00000 0.80103
0.00000 0.00000 0.00000 0.00000 0.39896 0.00000
