initial: 6
0.72029 0.00002 0.09222 0.18748 0.00000 0.00000

transition: 6
0.30824 0.00573 0.48767 0.00144 0.00000 0.19691
0.00059 0.20890 0.78501 0.00549 0.00000 0.00000
0.00117 0.50524 0.19473 0.29886 0.00000 0.00000
0.00047 0.20190 0.00001 0.59644 0.00000 0.20117
0.10490 0.00000 0.00000 0.00000 0.50358 0.39153
0.00031 0.39793 0.00000 0.00000 0.30215 0.29962

observation: 6
0.99533 0.49697 0.29668 0.09731 0.00177 0.09848
0.00218 0.00158 0.40404 0.09935 0.10445 0.09665
0.00237 0.00407 0.20034 0.80334 0.09141 0.31015
0.00011 0.49738 0.09895 0.00001 0.00918 0.39567
0.00000 0.00000 0.00000 0.00000 0.00339 0.09906
0.00000 0.00000 0.00000 0.00000 0.78980 0.00000
