initial: 6
0.71907 0.00268 0.09086 0.18739 0.00000 0.00000

transition: 6
0.29571 0.01020 0.50444 0.00073 0.00000 0.18892
0.19978 0.20200 0.59793 0.00005 0.00022 0.00001
0.00305 0.49696 0.19949 0.30042 0.00000 0.00008
0.00011 0.20207 0.00024 0.59755 0.00000 0.20003
0.10737 0.00000 0.00000 0.00000 0.50096 0.39167
0.00046 0.39457 0.00000 0.00000 0.30433 0.30064

observation: 6
0.69549 0.49765 0.30191 0.10011 0.00021 0.09764
0.00161 0.00110 0.39904 0.09928 0.10269 0.09732
0.30290 0.00026 0.20033 0.19611 0.09781 0.30218
0.00000 0.50100 0.09858 0.00000 0.00161 0.40378
0.00000 0.00000 0.00015 0.60450 0.00294 0.09908
0.00000 0.00000 0.00000 0.00000 0.79474 0.00000
