initial: 6
0.77292 0.00000 0.06271 0.16437 0.00000 0.00000

transition: 6
0.30581 0.19215 0.36577 0.00696 0.00058 0.12874
0.22825 0.37721 0.36446 0.02994 0.00001 0.00013
0.03487 0.58435 0.00553 0.35657 0.00113 0.01754
0.02929 0.17657 0.03309 0.55315 0.00082 0.20708
0.10437 0.00072 0.00000 0.00000 0.54784 0.34707
0.07411 0.35958 0.00001 0.00000 0.32691 0.23939

observation: 6
0.68913 0.42840 0.23425 0.07805 0.01436 0.08929
0.01729 0.07402 0.49380 0.06427 0.10835 0.07397
0.27987 0.01467 0.24111 0.18267 0.12048 0.29196
0.01197 0.48181 0.00836 0.00001 0.01683 0.44336
0.00175 0.00110 0.02248 0.67500 0.00914 0.10122
0.00000 0.00000 0.00000 0.00000 0.73084 0.00020
