initial: 6
0.50784 0.49216 0.00000 0.00000 0.00000 0.00000

transition: 6
0.29084 0.50448 0.00748 0.19562 0.00000 0.00157
0.00241 0.50111 0.19865 0.00002 0.00000 0.29781
0.00234 0.00041 0.20648 0.78605 0.00004 0.00467
0.00015 0.00224 0.00485 0.27418 0.51726 0.20132
0.00000 0.00000 0.00000 0.00000 0.50086 0.49914
0.60345 0.00003 0.20411 0.19241 0.00000 0.00000

observation: 6
0.00005 0.29993 0.00291 0.10041 0.29850 0.09810
0.09952 0.39664 0.00001 0.10144 0.00000 0.10049
0.40480 0.19986 0.48824 0.29551 0.30246 0.00000
0.49563 0.10358 0.50528 0.40271 0.00000 0.00000
0.00000 0.00000 0.00356 0.09993 0.00000 0.80140
0.00000 0.00000 0.00000 0.00000 0.39904 0.00000
