initial: 6
0.00000 0.11823 0.08534 0.20985 0.00000 0.58657

transition: 6
0.20145 0.24751 0.55102 0.00002 0.00000 0.00000
0.07627 0.29784 0.44491 0.02477 0.00000 0.15622
0.50119 0.01117 0.17572 0.31191 0.00000 0.00000
0.20061 0.00211 0.00162 0.59832 0.00000 0.19734
0.00000 0.10607 0.00000 0.00000 0.50723 0.38670
0.39949 0.00032 0.00000 0.00000 0.30839 0.29180

observation: 6
0.49076 0.67813 0.28205 0.10087 0.00296 0.09649
0.00387 0.01661 0.42233 0.09751 0.10100 0.09578
0.00002 0.28973 0.19454 0.19634 0.10132 0.30244
0.50535 0.01552 0.10049 0.00000 0.00617 0.40317
0.00000 0.00001 0.00059 0.60527 0.00199 0.10212
0.00000 0.00000 0.00000 0.00000 0.78656 0.00000
