initial: 6
0.73472 0.00008 0.08067 0.18453 0.00000 0.00000

transition: 6
0.29710 0.04020 0.48012 0.00531 0.00000 0.17727
0.21009 0.22168 0.56522 0.00299 0.00000 0.00001
0.00669 0.51336 0.16927 0.31012 0.00000 0.00056
0.00178 0.20448 0.00022 0.59516 0.00000 0.19837
0.10787 0.00000 0.00000 0.00000 0.50561 0.38652
0.00387 0.39458 0.00000 0.00000 0.30906 0.29249

observation: 6
0.68895 0.49036 0.29232 0.09863 0.00289 0.09581
0.00687 0.00986 0.41224 0.09688 0.10263 0.09448
0.30171 0.00157 0.20196 0.19538 0.09712 0.30489
0.00243 0.49820 0.09253 0.00000 0.00586 0.40486
0.00004 0.00001 0.00095 0.60911 0.00261 0.09996
0.00000 0.00000 0.00000 0.00000 0.78890 0.00000
