initial: 6
0.73117 0.00000 0.08464 0.18420 0.00000 0.00000

transition: 6
0.30863 0.03474 0.45609 0.00489 0.00000 0.19565
0.00117 0.27323 0.70405 0.02154 0.00000 0.00000
0.00410 0.53744 0.15311 0.30534 0.00000 0.00001
0.00390 0.20403 0.00004 0.58987 0.00002 0.20215
0.10562 0.00000 0.00000 0.00000 0.51924 0.37515
0.00200 0.40722 0.00000 0.00000 0.30924 0.28153

observation: 6
0.98810 0.49020 0.28337 0.09088 0.00592 0.09600
0.00403 0.01064 0.43001 0.09786 0.10529 0.09286
0.00466 0.01112 0.21027 0.81122 0.09273 0.31446
0.00321 0.48804 0.07635 0.00005 0.02201 0.39703
0.00000 0.00000 0.00000 0.00000 0.00650 0.09965
0.00000 0.00000 0.00000 0.00000 0.76755 0.00000
