initial: 6
0.00000 0.11550 0.08754 0.20991 0.00000 0.58705

transition: 6
0.20209 0.23820 0.55970 0.00001 0.00000 0.00000
0.06646 0.29474 0.45769 0.01893 0.00000 0.16219
0.49976 0.01035 0.17952 0.31036 0.00000 0.00000
0.20056 0.00180 0.00155 0.59837 0.00000 0.19772
0.00000 0.10555 0.00000 0.00000 0.50655 0.38791
0.39926 0.00027 0.00000 0.00000 0.30754 0.29294

observation: 6
0.49149 0.68171 0.28650 0.10076 0.00241 0.09693
0.00361 0.01378 0.41751 0.09773 0.10130 0.09586
0.00002 0.29194 0.19569 0.19633 0.10086 0.30216
0.50488 0.01256 0.09978 0.00000 0.00584 0.40309
0.00000 0.00001 0.00052 0.60517 0.00201 0.10197
0.00000 0.00000 0.00000 0.00000 0.78757 0.00000
