initial: 6
0.72042 0.00001 0.09215 0.18742 0.00000 0.00000

transition: 6
0.30823 0.00620 0.48714 0.00153 0.00000 0.19691
0.00059 0.20989 0.78366 0.00586 0.00000 0.00000
0.00122 0.50585 0.19401 0.29893 0.00000 0.00000
0.00052 0.20195 0.00001 0.59632 0.00000 0.20119
0.10490 0.00000 0.00000 0.00000 0.50393 0.39117
0.00033 0.39815 0.00000 0.00000 0.30229 0.29923

observation: 6
0.99526 0.49684 0.29651 0.09719 0.00187 0.09842
0.00219 0.00173 0.40446 0.09932 0.10447 0.09657
0.00240 0.00423 0.20040 0.80348 0.09142 0.31025
0.00014 0.49720 0.09863 0.00001 0.00948 0.39569
0.00000 0.00000 0.00000 0.00000 0.00346 0.09907
0.00000 0.00000 0.00000 0.00000 0.78930 0.00000
