initial: 6
0.00000 0.10448 0.09572 0.21024 0.00000 0.58956

transition: 6
0.20282 0.20629 0.59088 0.00000 0.00000 0.00000
0.01831 0.28712 0.50721 0.00097 0.00000 0.18639
0.49577 0.00638 0.19483 0.30302 0.00000 0.00000
0.20035 0.00032 0.00113 0.59871 0.00000 0.19949
0.00000 0.10243 0.00000 0.00000 0.50313 0.39443
0.39798 0.00004 0.00000 0.00000 0.30346 0.29852

observation: 6
0.49480 0.69734 0.30082 0.10046 0.00010 0.09939
0.00203 0.00276 0.40118 0.09907 0.10286 0.09593
0.00000 0.29823 0.19974 0.19640 0.09875 0.30136
0.50317 0.00167 0.09806 0.00000 0.00381 0.40221
0.00000 0.00000 0.00020 0.60407 0.00207 0.10111
0.00000 0.00000 0.00000 0.00000 0.79241 0.00000
