initial: 6
0.71961 0.00276 0.09033 0.18730 0.00000 0.00000

transition: 6
0.29564 0.01139 0.50341 0.00092 0.00000 0.18864
0.20028 0.20241 0.59709 0.00010 0.00012 0.00001
0.00326 0.49729 0.19860 0.30074 0.00000 0.00011
0.00017 0.20205 0.00020 0.59750 0.00000 0.20008
0.10735 0.00000 0.00000 0.00000 0.50126 0.39139
0.00059 0.39447 0.00000 0.00000 0.30450 0.30043

observation: 6
0.69527 0.49736 0.30164 0.10007 0.00032 0.09779
0.00181 0.00136 0.39944 0.09922 0.10266 0.09723
0.30290 0.00031 0.20030 0.19606 0.09784 0.30211
0.00001 0.50096 0.09845 0.00000 0.00191 0.40380
0.00000 0.00000 0.00017 0.60465 0.00294 0.09907
0.00000 0.00000 0.00000 0.00000 0.79433 0.00000
