initial: 6
0.85470 0.00001 0.00140 0.14389 0.00000 0.00000

transition: 6
0.30642 0.45220 0.13229 0.07969 0.00347 0.02591
0.13741 0.57191 0.24945 0.03815 0.00043 0.00265
0.16336 0.16084 0.23533 0.40121 0.00168 0.03759
0.08929 0.07139 0.05017 0.52526 0.04093 0.22295
0.11935 0.01191 0.00137 0.00165 0.70727 0.15845
0.34182 0.24201 0.01491 0.00065 0.23767 0.16294

observation: 6
0.76912 0.29228 0.21334 0.07046 0.03668 0.06909
0.07980 0.25407 0.29239 0.03911 0.11535 0.02568
0.06885 0.07082 0.38680 0.87189 0.17024 0.14042
0.08218 0.38282 0.10747 0.01828 0.08715 0.66041
0.00005 0.00001 0.00000 0.00026 0.03642 0.09557
0.00000 0.00000 0.00000 0.00000 0.55416 0.00882
