initial: 6
0.56870 0.43081 0.00001 0.00048 0.00000 0.00000

transition: 6
0.23920 0.47025 0.06912 0.16735 0.03103 0.02304
0.04253 0.40846 0.29715 0.03097 0.05621 0.16468
0.13824 0.03576 0.15564 0.60413 0.05738 0.00885
0.02763 0.07617 0.05531 0.32422 0.43517 0.08149
0.00004 0.00620 0.00507 0.00005 0.50931 0.47932
0.72912 0.00217 0.01740 0.24078 0.01041 0.00012

observation: 6
0.00569 0.32669 0.05085 0.02413 0.31078 0.09018
0.08903 0.42233 0.10469 0.04556 0.00185 0.08291
0.42909 0.15855 0.26728 0.34731 0.30926 0.00187
0.47611 0.08708 0.24370 0.51946 0.00381 0.00010
0.00009 0.00535 0.33348 0.06354 0.00591 0.82493
0.00000 0.00001 0.00000 0.00000 0.36840 0.00000
