initial: 6
0.70034 0.03661 0.12189 0.14116 0.00000 0.00000

transition: 6
0.43049 0.43004 0.09450 0.00660 0.01826 0.02011
0.18720 0.55758 0.22904 0.01843 0.00286 0.00490
0.18763 0.12841 0.08882 0.56811 0.00868 0.01835
0.23361 0.11569 0.05289 0.48917 0.04366 0.06498
0.05032 0.01684 0.00120 0.00230 0.62236 0.30698
0.34022 0.05482 0.00233 0.00043 0.21509 0.38711

observation: 6
0.45550 0.43642 0.26566 0.04598 0.02690 0.03743
0.06059 0.19031 0.37977 0.02685 0.11513 0.05567
0.21408 0.07573 0.25659 0.15824 0.18933 0.20730
0.26734 0.29626 0.01677 0.02386 0.11303 0.32870
0.00250 0.00128 0.08121 0.74507 0.02312 0.06438
0.00000 0.00000 0.00000 0.00000 0.53249 0.30651
