initial: 6
0.00000 0.10406 0.09600 0.21026 0.00000 0.58967

transition: 6
0.20276 0.20523 0.59200 0.00000 0.00001 0.00000
0.01587 0.28711 0.50910 0.00064 0.00000 0.18728
0.49572 0.00616 0.19546 0.30266 0.00000 0.00000
0.20036 0.00024 0.00110 0.59874 0.00000 0.19955
0.00000 0.10225 0.00000 0.00000 0.50294 0.39481
0.39791 0.00003 0.00000 0.00000 0.30326 0.29881

observation: 6
0.49496 0.69804 0.30126 0.10046 0.00005 0.09947
0.00193 0.00234 0.40063 0.09915 0.10293 0.09592
0.00000 0.29835 0.19987 0.19642 0.09864 0.30135
0.50311 0.00127 0.09806 0.00000 0.00363 0.40219
0.00000 0.00000 0.00018 0.60397 0.00207 0.10106
0.00000 0.00000 0.00000 0.00000 0.79267 0.00000
