initial: 6
0.00000 0.10375 0.09622 0.21029 0.00000 0.58974

transition: 6
0.20270 0.20444 0.59284 0.00000 0.00002 0.00000
0.01396 0.28713 0.51055 0.00043 0.00000 0.18793
0.49570 0.00599 0.19593 0.30238 0.00000 0.00000
0.20038 0.00018 0.00107 0.59877 0.00000 0.19960
0.00000 0.10212 0.00000 0.00000 0.50279 0.39510
0.39786 0.00002 0.00000 0.00000 0.30311 0.29902

observation: 6
0.49509 0.69858 0.30159 0.10047 0.00003 0.09952
0.00185 0.00203 0.40021 0.09922 0.10299 0.09592
0.00000 0.29842 0.19997 0.19643 0.09856 0.30136
0.50306 0.00097 0.09807 0.00000 0.00348 0.40218
0.00000 0.00000 0.00016 0.60388 0.00206 0.10103
0.00000 0.00000 0.00000 0.00000 0.79288 0.00000
