initial: 6
0.72080 0.00285 0.08926 0.18708 0.00000 0.00000

transition: 6
0.29553 0.01409 0.50123 0.00137 0.00000 0.18778
0.20121 0.20355 0.59497 0.00023 0.00003 0.00001
0.00369 0.49817 0.19660 0.30138 0.00000 0.00016
0.00032 0.20212 0.00016 0.59734 0.00000 0.20005
0.10737 0.00000 0.00000 0.00000 0.50183 0.39079
0.00090 0.39441 0.00000 0.00000 0.30492 0.29977

observation: 6
0.69480 0.49675 0.30098 0.09997 0.00060 0.09777
0.00222 0.00197 0.40037 0.09903 0.10259 0.09705
0.30289 0.00043 0.20030 0.19595 0.09785 0.30219
0.00008 0.50085 0.09812 0.00000 0.00249 0.40386
0.00000 0.00000 0.00024 0.60505 0.00290 0.09914
0.00000 0.00000 0.00000 0.00000 0.79357 0.00000
