initial: 6
0.71817 0.00253 0.09178 0.18752 0.00000 0.00000

transition: 6
0.29584 0.00832 0.50602 0.00041 0.00000 0.18940
0.19903 0.20140 0.59921 0.00001 0.00034 0.00001
0.00266 0.49643 0.20095 0.29993 0.00000 0.00002
0.00003 0.20203 0.00048 0.59752 0.00000 0.19994
0.10739 0.00000 0.00000 0.00000 0.50039 0.39223
0.00022 0.39457 0.00000 0.00000 0.30409 0.30111

observation: 6
0.69585 0.49812 0.30231 0.10015 0.00006 0.09745
0.00124 0.00066 0.39846 0.09932 0.10279 0.09741
0.30290 0.00017 0.20039 0.19620 0.09773 0.30224
0.00000 0.50106 0.09874 0.00000 0.00101 0.40380
0.00000 0.00000 0.00010 0.60432 0.00289 0.09910
0.00000 0.00000 0.00000 0.00000 0.79552 0.00000
