initial: 6
0.71993 0.00280 0.09003 0.18724 0.00000 0.00000

transition: 6
0.29561 0.01212 0.50280 0.00104 0.00000 0.18843
0.20055 0.20269 0.59655 0.00013 0.00008 0.00001
0.00338 0.49750 0.19807 0.30092 0.00000 0.00013
0.00021 0.20205 0.00018 0.59746 0.00000 0.20009
0.10735 0.00000 0.00000 0.00000 0.50143 0.39122
0.00068 0.39443 0.00000 0.00000 0.30461 0.30028

observation: 6
0.69514 0.49720 0.30147 0.10004 0.00039 0.09782
0.00193 0.00152 0.39969 0.09917 0.10264 0.09718
0.30290 0.00034 0.20029 0.19603 0.09785 0.30210
0.00003 0.50094 0.09836 0.00000 0.00208 0.40382
0.00000 0.00000 0.00019 0.60475 0.00293 0.09908
0.00000 0.00000 0.00000 0.00000 0.79410 0.00000
