initial: 6
0.50779 0.49221 0.00000 0.00000 0.00000 0.00000

transition: 6
0.29074 0.50379 0.00749 0.19635 0.00000 0.00163
0.00252 0.50109 0.19865 0.00002 0.00000 0.29772
0.00239 0.00043 0.20684 0.78572 0.00005 0.00457
0.00016 0.00232 0.00489 0.27348 0.51768 0.20148
0.00000 0.00000 0.00000 0.00000 0.50086 0.49914
0.60440 0.00003 0.20337 0.19220 0.00000 0.00000

observation: 6
0.00005 0.29992 0.00303 0.10043 0.29849 0.09808
0.09941 0.39666 0.00001 0.10142 0.00000 0.10048
0.40488 0.19984 0.48810 0.29549 0.30247 0.00000
0.49566 0.10358 0.50513 0.40272 0.00000 0.00000
0.00000 0.00000 0.00374 0.09993 0.00000 0.80144
0.00000 0.00000 0.00000 0.00000 0.39904 0.00000
