initial: 6
0.80066 0.00000 0.04923 0.15011 0.00000 0.00000

transition: 6
0.24564 0.25951 0.36238 0.06112 0.00135 0.07000
0.09658 0.44145 0.43093 0.03103 0.00000 0.00002
0.14008 0.52263 0.00761 0.31658 0.00011 0.01299
0.07453 0.07538 0.00830 0.56061 0.01112 0.27006
0.10674 0.00046 0.00000 0.00000 0.65422 0.23857
0.11278 0.44493 0.01535 0.00001 0.30443 0.12250

observation: 6
0.93054 0.34990 0.16838 0.05661 0.03036 0.08594
0.01912 0.08188 0.53810 0.06836 0.11729 0.05048
0.03557 0.07367 0.28017 0.86991 0.13595 0.30533
0.01476 0.49455 0.01335 0.00513 0.08456 0.46991
0.00000 0.00000 0.00000 0.00000 0.03273 0.08833
0.00000 0.00000 0.00000 0.00000 0.59911 0.00000
