initial: 6
0.01688 0.14922 0.07686 0.19215 0.00000 0.56489

transition: 6
0.17501 0.53391 0.27762 0.00064 0.00412 0.00870
0.14311 0.46597 0.26630 0.07662 0.00001 0.04799
0.55284 0.04530 0.02184 0.36919 0.00292 0.00792
0.18741 0.02903 0.03605 0.56126 0.00190 0.18434
0.01718 0.09910 0.00001 0.00000 0.54096 0.34276
0.39163 0.02341 0.00003 0.00000 0.35251 0.23242

observation: 6
0.43670 0.56236 0.16374 0.08922 0.01551 0.09221
0.01127 0.11679 0.53918 0.07006 0.09982 0.07793
0.01424 0.17432 0.24096 0.18248 0.11072 0.33725
0.53711 0.14623 0.02676 0.00003 0.02988 0.38781
0.00068 0.00029 0.02935 0.65821 0.00738 0.10479
0.00000 0.00000 0.00000 0.00000 0.73670 0.00000
