initial: 6
0.00000 0.13247 0.07386 0.20950 0.00000 0.58417

transition: 6
0.19526 0.30552 0.49918 0.00003 0.00000 0.00000
0.11903 0.32004 0.37772 0.05639 0.00000 0.12682
0.51060 0.01531 0.15449 0.31961 0.00000 0.00000
0.20045 0.00403 0.00207 0.59787 0.00000 0.19558
0.00001 0.10812 0.00000 0.00000 0.51096 0.38090
0.40068 0.00076 0.00000 0.00000 0.31275 0.28581

observation: 6
0.48665 0.65850 0.25302 0.10140 0.00565 0.09503
0.00501 0.03239 0.45319 0.09654 0.09969 0.09491
0.00005 0.27427 0.18842 0.19629 0.10369 0.30455
0.50828 0.03482 0.10435 0.00000 0.00799 0.40275
0.00001 0.00002 0.00101 0.60577 0.00202 0.10277
0.00000 0.00000 0.00000 0.00000 0.78095 0.00000
