initial: 6
0.73210 0.00021 0.08275 0.18494 0.00000 0.00000

transition: 6
0.29666 0.03502 0.48435 0.00463 0.00000 0.17934
0.20835 0.21716 0.57220 0.00228 0.00000 0.00001
0.00614 0.50953 0.17592 0.30793 0.00000 0.00047
0.00149 0.20392 0.00019 0.59564 0.00000 0.19876
0.10781 0.00000 0.00000 0.00000 0.50489 0.38729
0.00323 0.39459 0.00000 0.00000 0.30824 0.29394

observation: 6
0.69022 0.49178 0.29428 0.09892 0.00250 0.09613
0.00580 0.00798 0.40950 0.09732 0.10252 0.09517
0.30188 0.00134 0.20144 0.19547 0.09729 0.30432
0.00206 0.49890 0.09400 0.00000 0.00532 0.40455
0.00004 0.00000 0.00078 0.60830 0.00261 0.09984
0.00000 0.00000 0.00000 0.00000 0.78977 0.00000
