initial: 6
0.76040 0.00000 0.05991 0.17969 0.00000 0.00000

transition: 6
0.30043 0.10594 0.42990 0.00841 0.00000 0.15532
0.22404 0.29969 0.45933 0.01691 0.00000 0.00003
0.01625 0.57828 0.05297 0.34930 0.00016 0.00304
0.00822 0.20736 0.00194 0.58661 0.00008 0.19578
0.10710 0.00003 0.00000 0.00000 0.51978 0.37308
0.01855 0.39320 0.00000 0.00000 0.31868 0.26957

observation: 6
0.67401 0.46718 0.26528 0.09293 0.00701 0.09450
0.01881 0.04374 0.45159 0.09218 0.10680 0.08159
0.30033 0.00516 0.21583 0.19408 0.10018 0.30777
0.00654 0.48383 0.06189 0.00000 0.01188 0.41491
0.00031 0.00010 0.00541 0.62080 0.00410 0.10123
0.00000 0.00000 0.00000 0.00000 0.77002 0.00000
