initial: 6
0.72068 0.00285 0.08936 0.18710 0.00000 0.00000

transition: 6
0.29554 0.01383 0.50144 0.00132 0.00000 0.18787
0.20113 0.20343 0.59518 0.00021 0.00004 0.00001
0.00365 0.49807 0.19680 0.30132 0.00000 0.00016
0.00031 0.20211 0.00016 0.59736 0.00000 0.20006
0.10737 0.00000 0.00000 0.00000 0.50178 0.39085
0.00087 0.39441 0.00000 0.00000 0.30488 0.29984

observation: 6
0.69485 0.49681 0.30105 0.09998 0.00057 0.09778
0.00218 0.00191 0.40028 0.09905 0.10260 0.09707
0.30289 0.00042 0.20029 0.19596 0.09785 0.30217
0.00007 0.50087 0.09815 0.00000 0.00244 0.40385
0.00000 0.00000 0.00023 0.60501 0.00290 0.09913
0.00000 0.00000 0.00000 0.00000 0.79364 0.00000
