initial: 6
0.71973 0.00010 0.09237 0.18780 0.00000 0.00000

transition: 6
0.30840 0.00334 0.49040 0.00094 0.00000 0.19692
0.00065 0.20411 0.79179 0.00344 0.00000 0.00000
0.00086 0.50214 0.19834 0.29867 0.00000 0.00000
0.00020 0.20163 0.00001 0.59709 0.00000 0.20107
0.10488 0.00000 0.00000 0.00000 0.50149 0.39362
0.00018 0.39661 0.00000 0.00000 0.30133 0.30188

observation: 6
0.99559 0.49768 0.29740 0.09789 0.00118 0.09875
0.00219 0.00080 0.40194 0.09951 0.10437 0.09704
0.00221 0.00318 0.20023 0.80259 0.09130 0.30959
0.00001 0.49834 0.10043 0.00000 0.00737 0.39560
0.00000 0.00000 0.00000 0.00000 0.00297 0.09902
0.00000 0.00000 0.00000 0.00000 0.79281 0.00000
