initial: 6
0.72131 0.00285 0.08885 0.18699 0.00000 0.00000

transition: 6
0.29551 0.01520 0.50037 0.00155 0.00000 0.18738
0.20157 0.20408 0.59403 0.00030 0.00002 0.00001
0.00385 0.49858 0.19575 0.30164 0.00000 0.00018
0.00039 0.20218 0.00015 0.59727 0.00000 0.20001
0.10739 0.00000 0.00000 0.00000 0.50204 0.39057
0.00102 0.39443 0.00000 0.00000 0.30509 0.29947

observation: 6
0.69461 0.49650 0.30070 0.09992 0.00071 0.09769
0.00239 0.00222 0.40076 0.09895 0.10257 0.09698
0.30287 0.00048 0.20031 0.19592 0.09784 0.30226
0.00013 0.50080 0.09797 0.00000 0.00270 0.40388
0.00001 0.00000 0.00026 0.60521 0.00288 0.09918
0.00000 0.00000 0.00000 0.00000 0.79330 0.00000
