initial: 6
0.73877 0.01436 0.10546 0.14140 0.00000 0.00000

transition: 6
0.41355 0.41799 0.11614 0.00559 0.02169 0.02504
0.18395 0.57448 0.21850 0.01701 0.00197 0.00409
0.19104 0.14078 0.05781 0.58478 0.00579 0.01978
0.21679 0.11516 0.06126 0.47949 0.02731 0.09999
0.06337 0.01707 0.00060 0.00132 0.62853 0.28911
0.34844 0.05665 0.00112 0.00012 0.24171 0.35195

observation: 6
0.47448 0.42772 0.27192 0.04318 0.02773 0.03506
0.05250 0.19366 0.39066 0.02357 0.11597 0.05721
0.22499 0.07045 0.25563 0.15373 0.17664 0.21975
0.24527 0.30682 0.01249 0.02155 0.08106 0.39779
0.00276 0.00135 0.06930 0.75797 0.01924 0.07454
0.00000 0.00000 0.00000 0.00000 0.57936 0.21565
