initial: 6
0.71960 0.00032 0.09206 0.18802 0.00000 0.00000

transition: 6
0.30856 0.00211 0.49197 0.00059 0.00000 0.19677
0.00076 0.20203 0.79501 0.00220 0.00000 0.00000
0.00063 0.50060 0.20015 0.29862 0.00000 0.00000
0.00008 0.20163 0.00001 0.59744 0.00000 0.20084
0.10491 0.00000 0.00000 0.00000 0.49999 0.39511
0.00010 0.39573 0.00000 0.00000 0.30109 0.30307

observation: 6
0.99556 0.49811 0.29759 0.09808 0.00079 0.09886
0.00229 0.00040 0.40086 0.09962 0.10428 0.09728
0.00215 0.00261 0.20046 0.80230 0.09111 0.30930
0.00000 0.49888 0.10103 0.00000 0.00610 0.39562
0.00000 0.00000 0.00006 0.00000 0.00267 0.09894
0.00000 0.00000 0.00000 0.00000 0.79506 0.00000
