initial: 6
0.72717 0.00128 0.08570 0.18585 0.00000 0.00000

transition: 6
0.29598 0.02594 0.49178 0.00330 0.00000 0.18301
0.20528 0.21023 0.58327 0.00121 0.00000 0.00001
0.00517 0.50373 0.18611 0.30464 0.00000 0.00034
0.00099 0.20301 0.00016 0.59644 0.00000 0.19940
0.10765 0.00000 0.00000 0.00000 0.50369 0.38866
0.00219 0.39457 0.00000 0.00000 0.30681 0.29642

observation: 6
0.69236 0.49402 0.29748 0.09940 0.00175 0.09679
0.00408 0.00507 0.40511 0.09808 0.10246 0.09615
0.30229 0.00095 0.20073 0.19564 0.09761 0.30332
0.00125 0.49995 0.09615 0.00000 0.00428 0.40416
0.00002 0.00000 0.00052 0.60688 0.00267 0.09960
0.00000 0.00000 0.00000 0.00000 0.79124 0.00000
