initial: 6
0.50793 0.49207 0.00000 0.00000 0.00000 0.00000

transition: 6
0.29130 0.50688 0.00736 0.19330 0.00000 0.00116
0.00180 0.50135 0.19867 0.00001 0.00000 0.29817
0.00211 0.00034 0.20456 0.78770 0.00002 0.00526
0.00014 0.00182 0.00461 0.27773 0.51513 0.20058
0.00000 0.00000 0.00000 0.00000 0.50082 0.49918
0.60018 0.00002 0.20630 0.19351 0.00000 0.00000

observation: 6
0.00006 0.29991 0.00232 0.10029 0.29860 0.09822
0.09983 0.39660 0.00000 0.10148 0.00000 0.10056
0.40456 0.19991 0.48907 0.29565 0.30239 0.00000
0.49555 0.10358 0.50593 0.40265 0.00000 0.00000
0.00000 0.00000 0.00268 0.09994 0.00000 0.80122
0.00000 0.00000 0.00000 0.00000 0.39901 0.00000
