initial: 6
0.48803 0.51197 0.00000 0.00000 0.00000 0.00000

transition: 6
0.25260 0.40172 0.02554 0.31491 0.00268 0.00254
0.01585 0.49955 0.20783 0.00184 0.00190 0.27302
0.02843 0.00858 0.19469 0.75960 0.00434 0.00436
0.00167 0.01617 0.01611 0.24172 0.52676 0.19757
0.00000 0.00001 0.00000 0.00000 0.50162 0.49837
0.80652 0.00046 0.01639 0.17655 0.00008 0.00000

observation: 6
0.00033 0.29785 0.01552 0.09976 0.29893 0.09580
0.07719 0.40303 0.00403 0.09750 0.00002 0.09790
0.42253 0.19643 0.45142 0.29565 0.30235 0.00000
0.49996 0.10269 0.46148 0.40662 0.00000 0.00000
0.00000 0.00001 0.06756 0.10046 0.00008 0.80630
0.00000 0.00000 0.00000 0.00000 0.39863 0.00000
