initial: 6
0.00000 0.10460 0.09564 0.21023 0.00000 0.58953

transition: 6
0.20284 0.20658 0.59058 0.00000 0.00000 0.00000
0.01896 0.28713 0.50670 0.00106 0.00000 0.18615
0.49578 0.00644 0.19466 0.30312 0.00000 0.00000
0.20035 0.00034 0.00114 0.59870 0.00000 0.19947
0.00000 0.10248 0.00000 0.00000 0.50318 0.39434
0.39800 0.00004 0.00000 0.00000 0.30351 0.29845

observation: 6
0.49475 0.69715 0.30070 0.10046 0.00012 0.09936
0.00205 0.00287 0.40133 0.09904 0.10284 0.09593
0.00000 0.29820 0.19970 0.19640 0.09877 0.30136
0.50319 0.00178 0.09806 0.00000 0.00386 0.40222
0.00000 0.00000 0.00021 0.60410 0.00207 0.10112
0.00000 0.00000 0.00000 0.00000 0.79234 0.00000
