initial: 6
0.72671 0.00145 0.08589 0.18595 0.00000 0.00000

transition: 6
0.29592 0.02515 0.49242 0.00317 0.00000 0.18334
0.20501 0.20971 0.58415 0.00113 0.00000 0.00001
0.00509 0.50329 0.18690 0.30439 0.00000 0.00033
0.00095 0.20294 0.00016 0.59651 0.00000 0.19945
0.10763 0.00000 0.00000 0.00000 0.50358 0.38879
0.00211 0.39457 0.00000 0.00000 0.30669 0.29664

observation: 6
0.69254 0.49420 0.29774 0.09944 0.00168 0.09685
0.00394 0.00484 0.40476 0.09815 0.10246 0.09622
0.30234 0.00091 0.20068 0.19565 0.09763 0.30323
0.00116 0.50004 0.09631 0.00000 0.00418 0.40413
0.00002 0.00000 0.00050 0.60676 0.00268 0.09957
0.00000 0.00000 0.00000 0.00000 0.79137 0.00000
