initial: 6
0.00000 0.14609 0.06355 0.20922 0.00000 0.58113

transition: 6
0.18218 0.37916 0.43856 0.00007 0.00000 0.00003
0.14391 0.35609 0.31679 0.08165 0.00000 0.10155
0.52349 0.01913 0.12879 0.32858 0.00000 0.00000
0.19927 0.00713 0.00290 0.59671 0.00000 0.19399
0.00011 0.10981 0.00000 0.00000 0.51567 0.37442
0.40183 0.00180 0.00000 0.00000 0.31800 0.27837

observation: 6
0.48039 0.63418 0.21651 0.10154 0.00817 0.09471
0.00626 0.05125 0.49233 0.09547 0.09883 0.09291
0.00014 0.25141 0.18454 0.19575 0.10617 0.30800
0.51319 0.06313 0.10481 0.00000 0.01067 0.40091
0.00002 0.00003 0.00181 0.60724 0.00231 0.10346
0.00000 0.00000 0.00000 0.00000 0.77386 0.00000
