initial: 6
0.00001 0.14935 0.06129 0.20913 0.00000 0.58022

transition: 6
0.17752 0.40001 0.42233 0.00008 0.00001 0.00005
0.14664 0.36805 0.30342 0.08601 0.00000 0.09588
0.52742 0.02018 0.12082 0.33157 0.00000 0.00000
0.19873 0.00824 0.00327 0.59620 0.00001 0.19356
0.00018 0.11021 0.00000 0.00000 0.51713 0.37248
0.40202 0.00228 0.00000 0.00000 0.31963 0.27607

observation: 6
0.47806 0.62688 0.20701 0.10142 0.00879 0.09482
0.00667 0.05692 0.50275 0.09512 0.09867 0.09213
0.00019 0.24445 0.18454 0.19545 0.10680 0.30917
0.51505 0.07171 0.10354 0.00000 0.01159 0.40022
0.00002 0.00004 0.00216 0.60801 0.00245 0.10365
0.00000 0.00000 0.00000 0.00000 0.77171 0.00000
