initial: 6
0.73742 0.00000 0.07998 0.18260 0.00000 0.00000

transition: 6
0.30805 0.04920 0.44207 0.00677 0.00000 0.19390
0.00173 0.30071 0.67086 0.02671 0.00000 0.00000
0.00609 0.54987 0.13552 0.30849 0.00000 0.00002
0.00599 0.20382 0.00006 0.58697 0.00004 0.20312
0.10609 0.00000 0.00000 0.00000 0.52673 0.36718
0.00328 0.41136 0.00000 0.00000 0.31240 0.27295

observation: 6
0.98351 0.48623 0.27705 0.08784 0.00759 0.09506
0.00556 0.01522 0.44133 0.09702 0.10582 0.09094
0.00605 0.01407 0.21621 0.81505 0.09428 0.31597
0.00487 0.48448 0.06541 0.00009 0.02738 0.39827
0.00000 0.00000 0.00000 0.00000 0.00803 0.09976
0.00000 0.00000 0.00000 0.00000 0.75690 0.00000
