initial: 6
0.00000 0.10470 0.09557 0.21022 0.00000 0.58950

transition: 6
0.20285 0.20684 0.59030 0.00000 0.00000 0.00000
0.01955 0.28714 0.50623 0.00116 0.00000 0.18592
0.49580 0.00649 0.19451 0.30320 0.00000 0.00000
0.20035 0.00036 0.00114 0.59870 0.00000 0.19945
0.00000 0.10253 0.00000 0.00000 0.50323 0.39425
0.39802 0.00004 0.00000 0.00000 0.30356 0.29838

observation: 6
0.49471 0.69698 0.30059 0.10046 0.00013 0.09934
0.00207 0.00297 0.40147 0.09902 0.10282 0.09593
0.00000 0.29816 0.19967 0.19639 0.09880 0.30136
0.50321 0.00188 0.09806 0.00000 0.00390 0.40223
0.00000 0.00000 0.00021 0.60413 0.00207 0.10114
0.00000 0.00000 0.00000 0.00000 0.79227 0.00000
