initial: 6
0.72694 0.00137 0.08580 0.18590 0.00000 0.00000

transition: 6
0.29595 0.02554 0.49210 0.00323 0.00000 0.18318
0.20514 0.20996 0.58372 0.00117 0.00000 0.00001
0.00513 0.50351 0.18652 0.30451 0.00000 0.00033
0.00097 0.20297 0.00016 0.59647 0.00000 0.19943
0.10764 0.00000 0.00000 0.00000 0.50363 0.38873
0.00215 0.39457 0.00000 0.00000 0.30675 0.29653

observation: 6
0.69245 0.49411 0.29762 0.09942 0.00172 0.09682
0.00401 0.00496 0.40493 0.09812 0.10246 0.09618
0.30231 0.00093 0.20071 0.19564 0.09762 0.30327
0.00120 0.50000 0.09623 0.00000 0.00423 0.40414
0.00002 0.00000 0.00051 0.60682 0.00268 0.09958
0.00000 0.00000 0.00000 0.00000 0.79130 0.00000
