initial: 6
0.50747 0.49253 0.00000 0.00000 0.00000 0.00000

transition: 6
0.29033 0.50078 0.00753 0.19955 0.00000 0.00181
0.00286 0.50107 0.19865 0.00003 0.00000 0.29739
0.00258 0.00047 0.20802 0.78459 0.00006 0.00428
0.00017 0.00258 0.00506 0.27104 0.51911 0.20204
0.00000 0.00000 0.00000 0.00000 0.50088 0.49912
0.60854 0.00004 0.19993 0.19150 0.00000 0.00000

observation: 6
0.00005 0.29990 0.00342 0.10050 0.29843 0.09801
0.09893 0.39674 0.00001 0.10134 0.00000 0.10042
0.40522 0.19977 0.48764 0.29544 0.30252 0.00000
0.49580 0.10359 0.50454 0.40280 0.00000 0.00000
0.00000 0.00000 0.00439 0.09992 0.00000 0.80157
0.00000 0.00000 0.00000 0.00000 0.39905 0.00000
