initial: 6
0.00000 0.12372 0.08090 0.20972 0.00000 0.58566

transition: 6
0.19968 0.26790 0.53239 0.00002 0.00000 0.00000
0.09441 0.30510 0.41898 0.03699 0.00000 0.14452
0.50443 0.01279 0.16789 0.31489 0.00000 0.00000
0.20064 0.00277 0.00177 0.59820 0.00000 0.19662
0.00000 0.10696 0.00000 0.00000 0.50861 0.38443
0.39994 0.00046 0.00000 0.00000 0.31004 0.28957

observation: 6
0.48928 0.67090 0.27203 0.10109 0.00402 0.09578
0.00433 0.02243 0.43304 0.09712 0.10044 0.09554
0.00003 0.28459 0.19217 0.19635 0.10223 0.30312
0.50636 0.02207 0.10203 0.00000 0.00682 0.40318
0.00000 0.00001 0.00073 0.60544 0.00198 0.10238
0.00000 0.00000 0.00000 0.00000 0.78452 0.00000
