initial: 6
0.72127 0.00285 0.08888 0.18699 0.00000 0.00000

transition: 6
0.29551 0.01512 0.50043 0.00154 0.00000 0.18741
0.20155 0.20404 0.59410 0.00029 0.00002 0.00001
0.00384 0.49855 0.19581 0.30162 0.00000 0.00018
0.00038 0.20218 0.00015 0.59727 0.00000 0.20001
0.10739 0.00000 0.00000 0.00000 0.50202 0.39058
0.00101 0.39443 0.00000 0.00000 0.30507 0.29949

observation: 6
0.69462 0.49652 0.30072 0.09992 0.00070 0.09770
0.00237 0.00220 0.40073 0.09896 0.10257 0.09699
0.30287 0.00048 0.20031 0.19592 0.09784 0.30226
0.00013 0.50080 0.09798 0.00000 0.00268 0.40388
0.00001 0.00000 0.00026 0.60520 0.00288 0.09918
0.00000 0.00000 0.00000 0.00000 0.79332 0.00000
