initial: 6
0.00000 0.11325 0.08931 0.20996 0.00000 0.58748

transition: 6
0.20251 0.23093 0.56655 0.00001 0.00000 0.00000
0.05792 0.29247 0.46810 0.01435 0.00000 0.16716
0.49868 0.00965 0.18263 0.30904 0.00000 0.00000
0.20051 0.00154 0.00149 0.59841 0.00000 0.19805
0.00000 0.10507 0.00000 0.00000 0.50596 0.38897
0.39906 0.00022 0.00000 0.00000 0.30681 0.29391

observation: 6
0.49210 0.68468 0.28991 0.10067 0.00194 0.09734
0.00337 0.01149 0.41378 0.09793 0.10157 0.09591
0.00001 0.29360 0.19660 0.19632 0.10047 0.30195
0.50451 0.01023 0.09925 0.00000 0.00556 0.40297
0.00000 0.00001 0.00047 0.60507 0.00203 0.10184
0.00000 0.00000 0.00000 0.00000 0.78842 0.00000
