initial: 6
0.50794 0.49206 0.00000 0.00000 0.00000 0.00000

transition: 6
0.29117 0.50635 0.00741 0.19377 0.00000 0.00130
0.00200 0.50126 0.19866 0.00001 0.00000 0.29807
0.00217 0.00036 0.20514 0.78723 0.00003 0.00506
0.00014 0.00195 0.00468 0.27668 0.51576 0.20079
0.00000 0.00000 0.00000 0.00000 0.50083 0.49917
0.60090 0.00002 0.20590 0.19318 0.00000 0.00000

observation: 6
0.00005 0.29992 0.00250 0.10032 0.29857 0.09818
0.09977 0.39660 0.00000 0.10148 0.00000 0.10054
0.40461 0.19990 0.48880 0.29561 0.30241 0.00000
0.49557 0.10358 0.50575 0.40266 0.00000 0.00000
0.00000 0.00000 0.00294 0.09994 0.00000 0.80128
0.00000 0.00000 0.00000 0.00000 0.39902 0.00000
