initial: 6
0.75734 0.00000 0.06200 0.18066 0.00000 0.00000

transition: 6
0.30085 0.09485 0.43822 0.00837 0.00000 0.15771
0.22408 0.28518 0.47670 0.01401 0.00000 0.00003
0.01421 0.56878 0.07100 0.34355 0.00011 0.00236
0.00658 0.20814 0.00128 0.58845 0.00005 0.19550
0.10734 0.00002 0.00000 0.00000 0.51687 0.37578
0.01497 0.39387 0.00000 0.00000 0.31742 0.27375

observation: 6
0.67561 0.47075 0.26956 0.09445 0.00635 0.09457
0.01777 0.03830 0.44509 0.09278 0.10610 0.08357
0.30057 0.00449 0.21239 0.19451 0.09882 0.30819
0.00582 0.48639 0.06876 0.00000 0.01097 0.41256
0.00023 0.00006 0.00420 0.61826 0.00369 0.10112
0.00000 0.00000 0.00000 0.00000 0.77406 0.00000
