initial: 6
0.49121 0.50879 0.00000 0.00000 0.00000 0.00000

transition: 6
0.27378 0.42247 0.01220 0.28905 0.00031 0.00219
0.00709 0.50521 0.20100 0.00028 0.00009 0.28634
0.00793 0.00214 0.21716 0.76904 0.00062 0.00311
0.00051 0.00719 0.00833 0.24624 0.53159 0.20614
0.00000 0.00000 0.00000 0.00000 0.50088 0.49912
0.74566 0.00021 0.07010 0.18403 0.00000 0.00000

observation: 6
0.00014 0.29730 0.00976 0.10180 0.29820 0.09720
0.08288 0.39926 0.00034 0.09929 0.00000 0.09940
0.41773 0.19827 0.47479 0.29590 0.30255 0.00000
0.49925 0.10516 0.48664 0.40356 0.00000 0.00000
0.00000 0.00000 0.02847 0.09946 0.00000 0.80340
0.00000 0.00000 0.00000 0.00000 0.39924 0.00000
