initial: 6
0.74619 0.00000 0.07309 0.18072 0.00000 0.00000

transition: 6
0.30543 0.06850 0.42695 0.00993 0.00000 0.18917
0.00293 0.33003 0.63561 0.03142 0.00000 0.00000
0.00993 0.56340 0.11386 0.31276 0.00000 0.00004
0.00946 0.20221 0.00010 0.58345 0.00008 0.20471
0.10675 0.00000 0.00000 0.00000 0.53718 0.35607
0.00577 0.41676 0.00002 0.00000 0.31631 0.26115

observation: 6
0.97679 0.47969 0.27008 0.08399 0.00974 0.09384
0.00811 0.02159 0.45357 0.09598 0.10667 0.08809
0.00821 0.01781 0.22354 0.81987 0.09688 0.31785
0.00689 0.48091 0.05281 0.00016 0.03425 0.40050
0.00000 0.00000 0.00000 0.00000 0.01018 0.09972
0.00000 0.00000 0.00000 0.00000 0.74229 0.00000
