initial: 6
0.77666 0.00010 0.08216 0.14109 0.00000 0.00000

transition: 6
0.38499 0.36552 0.17860 0.00469 0.01264 0.05356
0.18398 0.59915 0.19435 0.01925 0.00058 0.00269
0.16434 0.19728 0.01831 0.57048 0.00336 0.04624
0.12459 0.12362 0.07690 0.46116 0.00384 0.20989
0.12255 0.01378 0.00008 0.00052 0.60361 0.25946
0.33387 0.10044 0.00030 0.00000 0.32921 0.23619

observation: 6
0.57909 0.38268 0.26748 0.04504 0.02830 0.04142
0.03412 0.19928 0.41180 0.01363 0.10435 0.07720
0.23585 0.06224 0.25874 0.14379 0.15268 0.24908
0.14749 0.35380 0.01122 0.00697 0.03023 0.52771
0.00345 0.00200 0.05076 0.79057 0.02504 0.07828
0.00000 0.00000 0.00000 0.00000 0.65940 0.02631
