initial: 6
0.85599 0.00000 0.00125 0.14276 0.00000 0.00000

transition: 6
0.24786 0.38190 0.25366 0.06749 0.00357 0.04551
0.11781 0.60089 0.25394 0.02707 0.00002 0.00025
0.19620 0.26347 0.06010 0.43871 0.00044 0.04107
0.08688 0.05435 0.02262 0.54023 0.02981 0.26610
0.11331 0.00218 0.00003 0.00015 0.68493 0.19941
0.17057 0.43756 0.01753 0.00007 0.26118 0.11310

observation: 6
0.87331 0.29859 0.19038 0.05975 0.03349 0.08284
0.04257 0.19857 0.43572 0.04539 0.12257 0.02407
0.06437 0.09050 0.31590 0.88742 0.16377 0.20507
0.01975 0.41234 0.05799 0.00744 0.07764 0.60239
0.00000 0.00000 0.00000 0.00000 0.03705 0.08544
0.00000 0.00000 0.00000 0.00000 0.56548 0.00020
