initial: 6
0.18319 0.03821 0.12381 0.17458 0.00000 0.48020

transition: 6
0.32894 0.52014 0.11486 0.00184 0.01721 0.01701
0.16740 0.51804 0.27674 0.02867 0.00037 0.00878
0.38089 0.07409 0.03988 0.46422 0.00721 0.03371
0.22528 0.05672 0.07294 0.48559 0.00788 0.15160
0.09275 0.06071 0.00063 0.00160 0.57186 0.27244
0.31377 0.05967 0.00094 0.00005 0.40023 0.22533

observation: 6
0.34363 0.55037 0.17129 0.07359 0.01606 0.09570
0.06746 0.15165 0.43931 0.02166 0.09447 0.07663
0.11665 0.11410 0.27921 0.14297 0.11309 0.36766
0.47077 0.18320 0.01107 0.00472 0.05482 0.36401
0.00149 0.00068 0.09911 0.75706 0.02346 0.08534
0.00000 0.00000 0.00000 0.00000 0.69810 0.01066
