initial: 6
0.74663 0.01025 0.10158 0.14154 0.00000 0.00000

transition: 6
0.40945 0.41378 0.12289 0.00542 0.02176 0.02670
0.18322 0.57881 0.21538 0.01690 0.00175 0.00394
0.19071 0.14470 0.05124 0.58714 0.00520 0.02101
0.20835 0.11495 0.06355 0.47649 0.02243 0.11423
0.07046 0.01763 0.00050 0.00116 0.62742 0.28282
0.34804 0.05765 0.00092 0.00008 0.25438 0.33893

observation: 6
0.48268 0.42449 0.27288 0.04264 0.02814 0.03475
0.05031 0.19466 0.39314 0.02267 0.11493 0.05914
0.22710 0.06928 0.25545 0.15250 0.17239 0.22453
0.23709 0.31017 0.01189 0.02044 0.07166 0.42040
0.00283 0.00139 0.06663 0.76175 0.01893 0.07597
0.00000 0.00000 0.00000 0.00000 0.59396 0.18520
