initial: 6
0.73414 0.00000 0.08245 0.18341 0.00000 0.00000

transition: 6
0.30847 0.04175 0.44908 0.00576 0.00000 0.19495
0.00141 0.28709 0.68726 0.02423 0.00000 0.00000
0.00499 0.54372 0.14440 0.30688 0.00000 0.00002
0.00486 0.20403 0.00005 0.58844 0.00003 0.20259
0.10584 0.00000 0.00000 0.00000 0.52283 0.37133
0.00257 0.40923 0.00000 0.00000 0.31079 0.27741

observation: 6
0.98595 0.48837 0.28021 0.08940 0.00674 0.09554
0.00472 0.01284 0.43569 0.09746 0.10553 0.09195
0.00531 0.01257 0.21316 0.81308 0.09342 0.31522
0.00402 0.48623 0.07093 0.00006 0.02464 0.39758
0.00000 0.00000 0.00000 0.00000 0.00723 0.09972
0.00000 0.00000 0.00000 0.00000 0.76244 0.00000
