initial: 6
0.49706 0.50294 0.00000 0.00000 0.00000 0.00000

transition: 6
0.28080 0.44657 0.00958 0.26068 0.00011 0.00226
0.00548 0.50410 0.19919 0.00013 0.00002 0.29107
0.00530 0.00122 0.21472 0.77538 0.00029 0.00309
0.00035 0.00531 0.00681 0.25182 0.52969 0.20602
0.00000 0.00000 0.00000 0.00000 0.50090 0.49910
0.69647 0.00014 0.11733 0.18606 0.00000 0.00000

observation: 6
0.00010 0.29819 0.00774 0.10127 0.29822 0.09742
0.08821 0.39822 0.00009 0.09978 0.00000 0.09969
0.41324 0.19879 0.48201 0.29579 0.30261 0.00000
0.49845 0.10480 0.49397 0.40359 0.00000 0.00000
0.00000 0.00000 0.01619 0.09957 0.00000 0.80289
0.00000 0.00000 0.00000 0.00000 0.39917 0.00000
