initial: 6
0.71960 0.00034 0.09202 0.18803 0.00000 0.00000

transition: 6
0.30858 0.00204 0.49208 0.00057 0.00000 0.19674
0.00076 0.20195 0.79517 0.00212 0.00000 0.00000
0.00061 0.50052 0.20026 0.29861 0.00000 0.00000
0.00007 0.20165 0.00001 0.59746 0.00000 0.20081
0.10491 0.00000 0.00000 0.00000 0.49988 0.39521
0.00010 0.39567 0.00000 0.00000 0.30111 0.30311

observation: 6
0.99555 0.49814 0.29759 0.09808 0.00076 0.09887
0.00230 0.00038 0.40079 0.09963 0.10427 0.09729
0.00215 0.00258 0.20049 0.80230 0.09109 0.30928
0.00000 0.49891 0.10106 0.00000 0.00601 0.39563
0.00000 0.00000 0.00007 0.00000 0.00266 0.09893
0.00000 0.00000 0.00000 0.00000 0.79521 0.00000
