initial: 6
0.00000 0.10479 0.09551 0.21022 0.00000 0.58948

transition: 6
0.20286 0.20707 0.59006 0.00000 0.00000 0.00000
0.02005 0.28715 0.50583 0.00124 0.00000 0.18573
0.49581 0.00653 0.19438 0.30328 0.00000 0.00000
0.20035 0.00038 0.00115 0.59869 0.00000 0.19943
0.00000 0.10256 0.00000 0.00000 0.50326 0.39417
0.39804 0.00004 0.00000 0.00000 0.30360 0.29832

observation: 6
0.49468 0.69683 0.30050 0.10046 0.00015 0.09932
0.00210 0.00306 0.40159 0.09901 0.10280 0.09593
0.00000 0.29814 0.19964 0.19639 0.09882 0.30137
0.50322 0.00197 0.09806 0.00000 0.00393 0.40223
0.00000 0.00000 0.00021 0.60415 0.00208 0.10115
0.00000 0.00000 0.00000 0.00000 0.79222 0.00000
