initial: 6
0.74345 0.00001 0.07331 0.18323 0.00000 0.00000

transition: 6
0.29894 0.05840 0.46560 0.00712 0.00000 0.16993
0.21627 0.24002 0.53770 0.00599 0.00000 0.00001
0.00874 0.52962 0.14108 0.31961 0.00002 0.00093
0.00292 0.20648 0.00036 0.59326 0.00001 0.19697
0.10791 0.00000 0.00000 0.00000 0.50854 0.38355
0.00652 0.39453 0.00000 0.00000 0.31201 0.28694

observation: 6
0.68430 0.48447 0.28487 0.09754 0.00412 0.09503
0.01086 0.01791 0.42284 0.09531 0.10344 0.09137
0.30113 0.00244 0.20435 0.19516 0.09682 0.30673
0.00362 0.49516 0.08627 0.00000 0.00765 0.40650
0.00008 0.00001 0.00168 0.61199 0.00277 0.10038
0.00000 0.00000 0.00000 0.00000 0.78519 0.00000
