initial: 6
0.00000 0.13126 0.07483 0.20953 0.00000 0.58439

transition: 6
0.19602 0.29988 0.50406 0.00003 0.00000 0.00000
0.11595 0.31767 0.38341 0.05377 0.00000 0.12921
0.50966 0.01496 0.15644 0.31893 0.00000 0.00000
0.20050 0.00383 0.00202 0.59793 0.00000 0.19572
0.00001 0.10797 0.00000 0.00000 0.51061 0.38141
0.40058 0.00071 0.00000 0.00000 0.31235 0.28636

observation: 6
0.48705 0.66033 0.25589 0.10136 0.00543 0.09511
0.00492 0.03093 0.45016 0.09662 0.09979 0.09502
0.00005 0.27588 0.18892 0.19631 0.10349 0.30432
0.50798 0.03284 0.10407 0.00000 0.00781 0.40284
0.00001 0.00002 0.00097 0.60571 0.00201 0.10271
0.00000 0.00000 0.00000 0.00000 0.78148 0.00000
