initial: 6
0.77971 0.00000 0.08013 0.14016 0.00000 0.00000

transition: 6
0.37138 0.33183 0.21024 0.00425 0.00782 0.07448
0.19265 0.58377 0.19983 0.02209 0.00021 0.00144
0.12722 0.26779 0.00934 0.52896 0.00332 0.06337
0.09052 0.13513 0.08072 0.46484 0.00327 0.22552
0.11473 0.00849 0.00002 0.00017 0.59788 0.27870
0.28328 0.17377 0.00019 0.00000 0.31830 0.22447

observation: 6
0.63768 0.36461 0.25503 0.04912 0.02662 0.05490
0.02738 0.19114 0.43038 0.00947 0.10578 0.07287
0.24120 0.05658 0.26085 0.14498 0.15156 0.25124
0.09023 0.38534 0.01009 0.00241 0.02382 0.52862
0.00353 0.00233 0.04365 0.79403 0.02435 0.08309
0.00000 0.00000 0.00000 0.00000 0.66787 0.00927
