initial: 6
0.83734 0.00000 0.01132 0.15133 0.00000 0.00000

transition: 6
0.24113 0.31589 0.32456 0.06165 0.00265 0.05410
0.10728 0.55153 0.31305 0.02805 0.00000 0.00008
0.18926 0.39143 0.01827 0.36845 0.00030 0.03230
0.08241 0.05532 0.01481 0.55282 0.02262 0.27202
0.10991 0.00106 0.00001 0.00003 0.67526 0.21374
0.14323 0.44910 0.01921 0.00003 0.27893 0.10950

observation: 6
0.90235 0.31785 0.16243 0.05738 0.03221 0.08555
0.03134 0.14606 0.50792 0.05034 0.12165 0.03243
0.04943 0.09157 0.29851 0.88488 0.15347 0.24983
0.01688 0.44453 0.03114 0.00740 0.08043 0.54611
0.00000 0.00000 0.00000 0.00000 0.03597 0.08605
0.00000 0.00000 0.00000 0.00000 0.57627 0.00003
