initial: 6
0.04288 0.12431 0.09600 0.18214 0.00000 0.55467

transition: 6
0.19257 0.52894 0.25606 0.00083 0.00836 0.01325
0.14685 0.47871 0.27883 0.06189 0.00003 0.03369
0.53786 0.05064 0.01792 0.37411 0.00451 0.01495
0.18820 0.03618 0.05858 0.53630 0.00310 0.17765
0.03257 0.08799 0.00004 0.00002 0.54604 0.33334
0.38019 0.03342 0.00008 0.00000 0.36557 0.22074

observation: 6
0.41159 0.56539 0.16155 0.08629 0.01541 0.09073
0.01615 0.12571 0.52079 0.04865 0.09816 0.07891
0.02902 0.15848 0.25982 0.17334 0.11050 0.34923
0.54222 0.14999 0.01383 0.00012 0.03660 0.37712
0.00102 0.00043 0.04401 0.69159 0.01001 0.10396
0.00000 0.00000 0.00000 0.00000 0.72933 0.00005
