initial: 6
0.72230 0.00000 0.09093 0.18677 0.00000 0.00000

transition: 6
0.30826 0.01194 0.48067 0.00233 0.00000 0.19679
0.00064 0.22276 0.76671 0.00988 0.00000 0.00000
0.00180 0.51307 0.18508 0.30005 0.00000 0.00000
0.00118 0.20261 0.00001 0.59490 0.00000 0.20130
0.10500 0.00000 0.00000 0.00000 0.50755 0.38745
0.00062 0.40039 0.00000 0.00000 0.30389 0.29510

observation: 6
0.99412 0.49544 0.29412 0.09585 0.00291 0.09782
0.00241 0.00357 0.40972 0.09902 0.10464 0.09574
0.00282 0.00590 0.20173 0.80512 0.09152 0.31135
0.00065 0.49509 0.09443 0.00001 0.01261 0.39587
0.00000 0.00000 0.00000 0.00000 0.00416 0.09921
0.00000 0.00000 0.00000 0.00000 0.78416 0.00000
