initial: 6
0.77369 0.00000 0.07295 0.15336 0.00000 0.00000

transition: 6
0.31616 0.22438 0.33708 0.00581 0.00145 0.11512
0.22861 0.40816 0.33425 0.02876 0.00002 0.00021
0.04434 0.55453 0.00363 0.36568 0.00172 0.03011
0.04018 0.16260 0.06063 0.52043 0.00149 0.21465
0.10324 0.00148 0.00000 0.00000 0.56123 0.33404
0.11083 0.33108 0.00003 0.00000 0.32669 0.23137

observation: 6
0.69779 0.40789 0.22063 0.07332 0.01768 0.08423
0.01724 0.09554 0.49858 0.03080 0.10753 0.07465
0.26745 0.02280 0.24835 0.17304 0.13134 0.28080
0.01508 0.47208 0.00516 0.00005 0.01816 0.46051
0.00244 0.00169 0.02728 0.72280 0.01249 0.09920
0.00000 0.00000 0.00000 0.00000 0.71280 0.00061
