initial: 6
0.72055 0.00285 0.08948 0.18713 0.00000 0.00000

transition: 6
0.29555 0.01352 0.50168 0.00127 0.00000 0.18798
0.20103 0.20329 0.59544 0.00020 0.00004 0.00001
0.00360 0.49797 0.19703 0.30125 0.00000 0.00015
0.00029 0.20210 0.00016 0.59738 0.00000 0.20007
0.10736 0.00000 0.00000 0.00000 0.50172 0.39091
0.00083 0.39441 0.00000 0.00000 0.30483 0.29993

observation: 6
0.69490 0.49688 0.30112 0.09999 0.00054 0.09780
0.00214 0.00184 0.40017 0.09908 0.10261 0.09709
0.30289 0.00041 0.20029 0.19598 0.09785 0.30215
0.00006 0.50088 0.09819 0.00000 0.00238 0.40385
0.00000 0.00000 0.00022 0.60496 0.00291 0.09912
0.00000 0.00000 0.00000 0.00000 0.79372 0.00000
