initial: 6
0.71970 0.00012 0.09235 0.18783 0.00000 0.00000

transition: 6
0.30841 0.00319 0.49058 0.00090 0.00000 0.19692
0.00066 0.20383 0.79220 0.00330 0.00000 0.00000
0.00083 0.50194 0.19856 0.29867 0.00000 0.00000
0.00018 0.20162 0.00001 0.59713 0.00000 0.20106
0.10488 0.00000 0.00000 0.00000 0.50134 0.39378
0.00017 0.39651 0.00000 0.00000 0.30127 0.30204

observation: 6
0.99559 0.49773 0.29743 0.09793 0.00114 0.09877
0.00219 0.00075 0.40181 0.09952 0.10436 0.09707
0.00220 0.00312 0.20024 0.80254 0.09129 0.30955
0.00001 0.49840 0.10052 0.00000 0.00724 0.39560
0.00000 0.00000 0.00000 0.00000 0.00294 0.09902
0.00000 0.00000 0.00000 0.00000 0.79304 0.00000
