initial: 6
0.74257 0.00001 0.07406 0.18336 0.00000 0.00000

transition: 6
0.29874 0.05650 0.46709 0.00698 0.00000 0.17069
0.21564 0.23795 0.54075 0.00564 0.00000 0.00001
0.00851 0.52773 0.14437 0.31849 0.00001 0.00088
0.00279 0.20628 0.00034 0.59347 0.00001 0.19711
0.10792 0.00000 0.00000 0.00000 0.50820 0.38388
0.00621 0.39454 0.00000 0.00000 0.31170 0.28756

observation: 6
0.68479 0.48515 0.28567 0.09766 0.00400 0.09509
0.01044 0.01697 0.42168 0.09547 0.10333 0.09174
0.30119 0.00235 0.20406 0.19518 0.09682 0.30655
0.00350 0.49552 0.08700 0.00000 0.00747 0.40629
0.00008 0.00001 0.00159 0.61169 0.00274 0.10033
0.00000 0.00000 0.00000 0.00000 0.78564 0.00000
