initial: 6
0.72339 0.00258 0.08742 0.18661 0.00000 0.00000

transition: 6
0.29556 0.01932 0.49711 0.00223 0.00000 0.18577
0.20296 0.20621 0.59023 0.00059 0.00001 0.00001
0.00439 0.50032 0.19235 0.30269 0.00000 0.00024
0.00062 0.20245 0.00015 0.59697 0.00000 0.19981
0.10749 0.00000 0.00000 0.00000 0.50273 0.38978
0.00147 0.39450 0.00000 0.00000 0.30574 0.29829

observation: 6
0.69381 0.49556 0.29957 0.09973 0.00113 0.09735
0.00301 0.00324 0.40232 0.09863 0.10250 0.09670
0.30271 0.00066 0.20041 0.19579 0.09778 0.30263
0.00046 0.50054 0.09735 0.00000 0.00338 0.40397
0.00001 0.00000 0.00036 0.60584 0.00279 0.09936
0.00000 0.00000 0.00000 0.00000 0.79242 0.00000
