initial: 6
0.72425 0.00000 0.08958 0.18617 0.00000 0.00000

transition: 6
0.30840 0.01727 0.47475 0.00294 0.00000 0.19663
0.00074 0.23505 0.75112 0.01310 0.00000 0.00000
0.00230 0.51939 0.17701 0.30130 0.00000 0.00000
0.00178 0.20313 0.00002 0.59366 0.00001 0.20141
0.10513 0.00000 0.00000 0.00000 0.51042 0.38445
0.00090 0.40212 0.00000 0.00000 0.30522 0.29176

observation: 6
0.99286 0.49424 0.29164 0.09465 0.00371 0.09733
0.00270 0.00524 0.41464 0.09877 0.10478 0.09504
0.00322 0.00724 0.20347 0.80656 0.09165 0.31222
0.00121 0.49327 0.09026 0.00002 0.01504 0.39607
0.00000 0.00000 0.00000 0.00000 0.00473 0.09934
0.00000 0.00000 0.00000 0.00000 0.78009 0.00000
