initial: 6
0.50790 0.49210 0.00000 0.00000 0.00000 0.00000

transition: 6
0.29098 0.50534 0.00746 0.19475 0.00000 0.00147
0.00225 0.50116 0.19866 0.00001 0.00000 0.29792
0.00227 0.00039 0.20595 0.78653 0.00004 0.00482
0.00015 0.00212 0.00478 0.27519 0.51666 0.20110
0.00000 0.00000 0.00000 0.00000 0.50085 0.49915
0.60227 0.00003 0.20499 0.19271 0.00000 0.00000

observation: 6
0.00005 0.29993 0.00275 0.10037 0.29853 0.09813
0.09964 0.39662 0.00001 0.10146 0.00000 0.10051
0.40471 0.19988 0.48846 0.29555 0.30244 0.00000
0.49560 0.10357 0.50548 0.40269 0.00000 0.00000
0.00000 0.00000 0.00331 0.09993 0.00000 0.80135
0.00000 0.00000 0.00000 0.00000 0.39903 0.00000
