initial: 6
0.00000 0.11629 0.08691 0.20990 0.00000 0.58691

transition: 6
0.20192 0.24082 0.55724 0.00001 0.00000 0.00000
0.06934 0.29560 0.45402 0.02058 0.00000 0.16046
0.50016 0.01059 0.17843 0.31082 0.00000 0.00000
0.20057 0.00189 0.00157 0.59836 0.00000 0.19761
0.00000 0.10570 0.00000 0.00000 0.50675 0.38755
0.39933 0.00028 0.00000 0.00000 0.30779 0.29261

observation: 6
0.49128 0.68067 0.28526 0.10080 0.00257 0.09680
0.00369 0.01459 0.41886 0.09767 0.10121 0.09584
0.00002 0.29133 0.19536 0.19633 0.10099 0.30224
0.50502 0.01340 0.09998 0.00000 0.00594 0.40312
0.00000 0.00001 0.00054 0.60520 0.00201 0.10201
0.00000 0.00000 0.00000 0.00000 0.78728 0.00000
