initial: 6
0.72355 0.00254 0.08733 0.18658 0.00000 0.00000

transition: 6
0.29558 0.01961 0.49688 0.00228 0.00000 0.18565
0.20306 0.20637 0.58994 0.00062 0.00001 0.00001
0.00443 0.50046 0.19210 0.30276 0.00000 0.00025
0.00064 0.20247 0.00015 0.59695 0.00000 0.19979
0.10750 0.00000 0.00000 0.00000 0.50278 0.38972
0.00150 0.39450 0.00000 0.00000 0.30579 0.29821

observation: 6
0.69375 0.49549 0.29948 0.09972 0.00116 0.09732
0.00305 0.00331 0.40243 0.09861 0.10250 0.09667
0.30270 0.00067 0.20042 0.19578 0.09778 0.30265
0.00049 0.50052 0.09730 0.00000 0.00342 0.40398
0.00001 0.00000 0.00036 0.60589 0.00278 0.09937
0.00000 0.00000 0.00000 0.00000 0.79236 0.00000
