initial: 6
0.50759 0.49241 0.00000 0.00000 0.00000 0.00000

transition: 6
0.29047 0.50185 0.00752 0.19840 0.00000 0.00176
0.00275 0.50107 0.19865 0.00002 0.00000 0.29750
0.00251 0.00046 0.20765 0.78495 0.00006 0.00437
0.00017 0.00249 0.00501 0.27182 0.51865 0.20186
0.00000 0.00000 0.00000 0.00000 0.50088 0.49912
0.60706 0.00004 0.20118 0.19172 0.00000 0.00000

observation: 6
0.00005 0.29991 0.00330 0.10048 0.29845 0.09804
0.09910 0.39671 0.00001 0.10137 0.00000 0.10044
0.40510 0.19979 0.48778 0.29545 0.30250 0.00000
0.49575 0.10359 0.50474 0.40277 0.00000 0.00000
0.00000 0.00000 0.00417 0.09992 0.00000 0.80152
0.00000 0.00000 0.00000 0.00000 0.39905 0.00000
