initial: 6
0.72148 0.00000 0.09148 0.18703 0.00000 0.00000

transition: 6
0.30822 0.00957 0.48333 0.00203 0.00000 0.19685
0.00061 0.21736 0.77371 0.00832 0.00000 0.00000
0.00157 0.51014 0.18875 0.29953 0.00000 0.00000
0.00091 0.20235 0.00001 0.59547 0.00000 0.20126
0.10496 0.00000 0.00000 0.00000 0.50616 0.38888
0.00050 0.39954 0.00000 0.00000 0.30326 0.29670

observation: 6
0.99463 0.49599 0.29516 0.09639 0.00252 0.09806
0.00230 0.00281 0.40754 0.09914 0.10457 0.09607
0.00265 0.00526 0.20108 0.80446 0.09148 0.31092
0.00042 0.49594 0.09622 0.00001 0.01142 0.39579
0.00000 0.00000 0.00000 0.00000 0.00389 0.09915
0.00000 0.00000 0.00000 0.00000 0.78612 0.00000
