initial: 6
0.71962 0.00021 0.09223 0.18794 0.00000 0.00000

transition: 6
0.30850 0.00257 0.49128 0.00074 0.00000 0.19690
0.00072 0.20273 0.79385 0.00270 0.00000 0.00000
0.00073 0.50115 0.19944 0.29868 0.00000 0.00000
0.00012 0.20156 0.00001 0.59731 0.00000 0.20101
0.10489 0.00000 0.00000 0.00000 0.50064 0.39447
0.00014 0.39608 0.00000 0.00000 0.30103 0.30275

observation: 6
0.99559 0.49794 0.29755 0.09808 0.00095 0.09884
0.00223 0.00055 0.40129 0.09957 0.10433 0.09718
0.00217 0.00285 0.20032 0.80234 0.09123 0.30938
0.00000 0.49866 0.10084 0.00000 0.00664 0.39559
0.00000 0.00000 0.00000 0.00000 0.00280 0.09901
0.00000 0.00000 0.00000 0.00000 0.79406 0.00000
