initial: 6
0.00000 0.10669 0.09421 0.21013 0.00000 0.58897

transition: 6
0.20300 0.21197 0.58503 0.00000 0.00000 0.00000
0.02981 0.28771 0.49751 0.00333 0.00000 0.18164
0.49622 0.00737 0.19167 0.30474 0.00000 0.00000
0.20036 0.00069 0.00126 0.59859 0.00000 0.19911
0.00000 0.10326 0.00000 0.00000 0.50400 0.39274
0.39833 0.00009 0.00000 0.00000 0.30442 0.29715

observation: 6
0.49402 0.69388 0.29842 0.10047 0.00051 0.09883
0.00247 0.00492 0.40411 0.09869 0.10248 0.09595
0.00001 0.29740 0.19903 0.19635 0.09924 0.30146
0.50351 0.00380 0.09816 0.00000 0.00448 0.40241
0.00000 0.00000 0.00029 0.60450 0.00208 0.10135
0.00000 0.00000 0.00000 0.00000 0.79120 0.00000
