initial: 6
0.85227 0.00000 0.00217 0.14556 0.00000 0.00000

transition: 6
0.24376 0.36368 0.27595 0.06534 0.00334 0.04793
0.11448 0.59344 0.26496 0.02693 0.00001 0.00018
0.19828 0.29665 0.04295 0.42171 0.00040 0.04002
0.08570 0.05362 0.02002 0.54416 0.02791 0.26859
0.11221 0.00173 0.00002 0.00009 0.68260 0.20335
0.16071 0.44458 0.01820 0.00005 0.26560 0.11087

observation: 6
0.88262 0.30304 0.18151 0.05887 0.03305 0.08423
0.03891 0.18556 0.45874 0.04628 0.12256 0.02587
0.06016 0.09248 0.30976 0.88739 0.16118 0.21734
0.01831 0.41892 0.05000 0.00746 0.07842 0.58719
0.00000 0.00000 0.00000 0.00000 0.03690 0.08525
0.00000 0.00000 0.00000 0.00000 0.56789 0.00011
