initial: 6
0.49648 0.50352 0.00000 0.00000 0.00000 0.00000

transition: 6
0.22865 0.41133 0.03696 0.31160 0.00742 0.00404
0.02844 0.47988 0.21776 0.00719 0.01199 0.25474
0.06825 0.02118 0.14927 0.73835 0.01676 0.00619
0.00424 0.03123 0.02386 0.25871 0.50973 0.17222
0.00000 0.00028 0.00000 0.00000 0.50428 0.49544
0.82718 0.00086 0.00943 0.16115 0.00137 0.00000

observation: 6
0.00116 0.30058 0.03360 0.08239 0.30343 0.09343
0.07629 0.40696 0.01953 0.08890 0.00025 0.09576
0.42391 0.19297 0.41454 0.30083 0.30176 0.00000
0.49864 0.09932 0.40442 0.42663 0.00000 0.00000
0.00000 0.00017 0.12791 0.10124 0.00083 0.81080
0.00000 0.00000 0.00000 0.00000 0.39373 0.00000
