initial: 6
0.72275 0.00000 0.09062 0.18663 0.00000 0.00000

transition: 6
0.30829 0.01319 0.47928 0.00248 0.00000 0.19676
0.00066 0.22563 0.76303 0.01067 0.00000 0.00000
0.00192 0.51458 0.18317 0.30033 0.00000 0.00000
0.00132 0.20274 0.00002 0.59461 0.00000 0.20132
0.10503 0.00000 0.00000 0.00000 0.50824 0.38673
0.00069 0.40081 0.00000 0.00000 0.30421 0.29429

observation: 6
0.99384 0.49515 0.29355 0.09556 0.00311 0.09770
0.00247 0.00396 0.41088 0.09896 0.10467 0.09558
0.00291 0.00623 0.20211 0.80546 0.09154 0.31156
0.00078 0.49466 0.09347 0.00001 0.01320 0.39592
0.00000 0.00000 0.00000 0.00000 0.00430 0.09924
0.00000 0.00000 0.00000 0.00000 0.78317 0.00000
