initial: 6
0.79944 0.00000 0.04999 0.15057 0.00000 0.00000

transition: 6
0.24543 0.25755 0.36334 0.06119 0.00127 0.07122
0.09565 0.43660 0.43656 0.03117 0.00000 0.00002
0.13711 0.52676 0.00756 0.31634 0.00009 0.01213
0.07394 0.07741 0.00793 0.56079 0.01044 0.26948
0.10662 0.00044 0.00000 0.00000 0.65272 0.24021
0.11058 0.44502 0.01483 0.00001 0.30555 0.12402

observation: 6
0.93170 0.35154 0.17093 0.05674 0.03020 0.08605
0.01872 0.07983 0.53711 0.06979 0.11693 0.05158
0.03496 0.07226 0.27901 0.86852 0.13495 0.30779
0.01462 0.49637 0.01295 0.00495 0.08471 0.46622
0.00000 0.00000 0.00000 0.00000 0.03252 0.08837
0.00000 0.00000 0.00000 0.00000 0.60069 0.00000
