initial: 6
0.48914 0.51086 0.00000 0.00000 0.00000 0.00000

transition: 6
0.26981 0.41352 0.01430 0.29967 0.00053 0.00217
0.00830 0.50512 0.20231 0.00042 0.00018 0.28367
0.01016 0.00292 0.21724 0.76544 0.00097 0.00327
0.00064 0.00849 0.00953 0.24396 0.53180 0.20558
0.00000 0.00000 0.00000 0.00000 0.50093 0.49907
0.76644 0.00024 0.05033 0.18299 0.00000 0.00000

observation: 6
0.00016 0.29711 0.01067 0.10196 0.29823 0.09707
0.08080 0.39995 0.00066 0.09911 0.00000 0.09923
0.41953 0.19793 0.47009 0.29578 0.30255 0.00000
0.49951 0.10501 0.48232 0.40359 0.00000 0.00000
0.00000 0.00000 0.03625 0.09957 0.00000 0.80370
0.00000 0.00000 0.00000 0.00000 0.39922 0.00000
