initial: 6
0.72056 0.00001 0.09207 0.18736 0.00000 0.00000

transition: 6
0.30822 0.00668 0.48659 0.00161 0.00000 0.19690
0.00059 0.21092 0.78225 0.00623 0.00000 0.00000
0.00127 0.50647 0.19326 0.29900 0.00000 0.00000
0.00058 0.20201 0.00001 0.59620 0.00000 0.20120
0.10491 0.00000 0.00000 0.00000 0.50427 0.39082
0.00036 0.39836 0.00000 0.00000 0.30244 0.29884

observation: 6
0.99518 0.49671 0.29633 0.09708 0.00197 0.09837
0.00220 0.00188 0.40489 0.09929 0.10448 0.09650
0.00244 0.00439 0.20047 0.80363 0.09143 0.31035
0.00018 0.49702 0.09830 0.00001 0.00978 0.39570
0.00000 0.00000 0.00000 0.00000 0.00353 0.09908
0.00000 0.00000 0.00000 0.00000 0.78880 0.00000
