initial: 6
0.00000 0.10425 0.09588 0.21025 0.00000 0.58962

transition: 6
0.20279 0.20570 0.59151 0.00000 0.00001 0.00000
0.01696 0.28711 0.50826 0.00078 0.00000 0.18689
0.49574 0.00626 0.19518 0.30282 0.00000 0.00000
0.20036 0.00028 0.00111 0.59873 0.00000 0.19953
0.00000 0.10234 0.00000 0.00000 0.50303 0.39464
0.39794 0.00003 0.00000 0.00000 0.30335 0.29868

observation: 6
0.49489 0.69773 0.30107 0.10046 0.00007 0.09944
0.00197 0.00253 0.40087 0.09911 0.10290 0.09593
0.00000 0.29830 0.19981 0.19641 0.09869 0.30135
0.50314 0.00145 0.09806 0.00000 0.00372 0.40220
0.00000 0.00000 0.00019 0.60402 0.00207 0.10108
0.00000 0.00000 0.00000 0.00000 0.79255 0.00000
