initial: 6
0.50673 0.49327 0.00000 0.00000 0.00000 0.00000

transition: 6
0.28956 0.49506 0.00763 0.20574 0.00001 0.00200
0.00330 0.50121 0.19864 0.00004 0.00000 0.29681
0.00286 0.00054 0.20943 0.78314 0.00008 0.00395
0.00019 0.00294 0.00529 0.26767 0.52108 0.20283
0.00000 0.00000 0.00000 0.00000 0.50091 0.49909
0.61658 0.00005 0.19282 0.19055 0.00000 0.00000

observation: 6
0.00005 0.29981 0.00400 0.10060 0.29837 0.09792
0.09794 0.39690 0.00001 0.10116 0.00000 0.10033
0.40592 0.19964 0.48709 0.29540 0.30257 0.00000
0.49609 0.10365 0.50351 0.40294 0.00000 0.00000
0.00000 0.00000 0.00539 0.09990 0.00000 0.80175
0.00000 0.00000 0.00000 0.00000 0.39906 0.00000
