initial: 6
0.49446 0.50554 0.00000 0.00000 0.00000 0.00000

transition: 6
0.27803 0.43579 0.01047 0.27330 0.00017 0.00223
0.00606 0.50471 0.19977 0.00018 0.00004 0.28924
0.00619 0.00152 0.21586 0.77298 0.00039 0.00306
0.00040 0.00600 0.00733 0.24929 0.53073 0.20624
0.00000 0.00000 0.00000 0.00000 0.50088 0.49912
0.71749 0.00017 0.09715 0.18520 0.00000 0.00000

observation: 6
0.00012 0.29777 0.00861 0.10150 0.29820 0.09733
0.08587 0.39860 0.00015 0.09955 0.00000 0.09957
0.41518 0.19859 0.47947 0.29588 0.30258 0.00000
0.49883 0.10504 0.49114 0.40359 0.00000 0.00000
0.00000 0.00000 0.02062 0.09949 0.00000 0.80310
0.00000 0.00000 0.00000 0.00000 0.39921 0.00000
