initial: 6
0.74573 0.00000 0.07137 0.18289 0.00000 0.00000

transition: 6
0.29946 0.06350 0.46166 0.00746 0.00000 0.16792
0.21792 0.24577 0.52933 0.00696 0.00000 0.00002
0.00938 0.53488 0.13189 0.32275 0.00002 0.00107
0.00330 0.20699 0.00042 0.59268 0.00001 0.19660
0.10787 0.00000 0.00000 0.00000 0.50952 0.38260
0.00742 0.39451 0.00000 0.00000 0.31284 0.28523

observation: 6
0.68296 0.48259 0.28268 0.09721 0.00445 0.09490
0.01201 0.02056 0.42598 0.09488 0.10377 0.09032
0.30099 0.00270 0.20519 0.19511 0.09687 0.30716
0.00394 0.49413 0.08422 0.00000 0.00813 0.40713
0.00010 0.00002 0.00193 0.61280 0.00285 0.10050
0.00000 0.00000 0.00000 0.00000 0.78392 0.00000
