initial: 6
0.72192 0.00000 0.09119 0.18689 0.00000 0.00000

transition: 6
0.30824 0.01085 0.48190 0.00220 0.00000 0.19682
0.00063 0.22026 0.76994 0.00917 0.00000 0.00000
0.00169 0.51173 0.18677 0.29981 0.00000 0.00000
0.00105 0.20249 0.00001 0.59516 0.00000 0.20128
0.10498 0.00000 0.00000 0.00000 0.50692 0.38810
0.00057 0.40001 0.00000 0.00000 0.30360 0.29582

observation: 6
0.99436 0.49569 0.29460 0.09610 0.00273 0.09793
0.00236 0.00322 0.40872 0.09908 0.10461 0.09589
0.00274 0.00561 0.20142 0.80482 0.09150 0.31116
0.00054 0.49548 0.09526 0.00001 0.01207 0.39584
0.00000 0.00000 0.00000 0.00000 0.00404 0.09918
0.00000 0.00000 0.00000 0.00000 0.78504 0.00000
