initial: 6
0.00000 0.10395 0.09608 0.21027 0.00000 0.58970

transition: 6
0.20274 0.20496 0.59229 0.00000 0.00001 0.00000
0.01523 0.28711 0.50959 0.00056 0.00000 0.18750
0.49571 0.00610 0.19562 0.30257 0.00000 0.00000
0.20037 0.00022 0.00109 0.59875 0.00000 0.19957
0.00000 0.10221 0.00000 0.00000 0.50289 0.39490
0.39789 0.00002 0.00000 0.00000 0.30321 0.29888

observation: 6
0.49500 0.69822 0.30138 0.10047 0.00004 0.09949
0.00190 0.00224 0.40048 0.09918 0.10295 0.09592
0.00000 0.29837 0.19990 0.19642 0.09861 0.30135
0.50309 0.00117 0.09807 0.00000 0.00358 0.40219
0.00000 0.00000 0.00017 0.60394 0.00207 0.10105
0.00000 0.00000 0.00000 0.00000 0.79274 0.00000
