initial: 6
0.53867 0.46130 0.00000 0.00003 0.00000 0.00000

transition: 6
0.22418 0.45175 0.05484 0.23961 0.01788 0.01175
0.03839 0.43267 0.25488 0.02250 0.04297 0.20859
0.12015 0.03287 0.14673 0.64253 0.04965 0.00807
0.01333 0.05731 0.04200 0.30621 0.46728 0.11388
0.00000 0.00233 0.00087 0.00000 0.50877 0.48803
0.79849 0.00136 0.01113 0.18312 0.00589 0.00001

observation: 6
0.00297 0.31439 0.05589 0.03732 0.31121 0.09374
0.08179 0.41722 0.07338 0.06098 0.00096 0.09097
0.42976 0.17091 0.32516 0.32427 0.30619 0.00019
0.48548 0.09525 0.28076 0.49017 0.00076 0.00000
0.00001 0.00223 0.26481 0.08727 0.00373 0.81509
0.00000 0.00000 0.00000 0.00000 0.37714 0.00000
