initial: 6
0.77553 0.00000 0.05138 0.17309 0.00000 0.00000

transition: 6
0.25977 0.16247 0.41359 0.03386 0.00001 0.13029
0.02555 0.38500 0.55225 0.03720 0.00000 0.00000
0.05383 0.57953 0.03613 0.32990 0.00000 0.00061
0.03659 0.17064 0.00070 0.57214 0.00059 0.21935
0.10762 0.00002 0.00000 0.00000 0.58702 0.30534
0.03418 0.43289 0.00073 0.00000 0.32495 0.20725

observation: 6
0.95272 0.42760 0.25271 0.07185 0.01914 0.09075
0.01672 0.04893 0.48158 0.09278 0.10998 0.07527
0.01879 0.03364 0.24428 0.83440 0.11079 0.32541
0.01177 0.48983 0.02143 0.00098 0.06255 0.41244
0.00000 0.00000 0.00000 0.00000 0.02039 0.09614
0.00000 0.00000 0.00000 0.00000 0.67714 0.00000
