initial: 6
0.79027 0.00000 0.05178 0.15796 0.00000 0.00000

transition: 6
0.23981 0.23745 0.37796 0.05944 0.00057 0.08477
0.08015 0.40321 0.48372 0.03291 0.00000 0.00001
0.11071 0.55290 0.00922 0.32161 0.00002 0.00554
0.06661 0.10383 0.00442 0.56256 0.00475 0.25782
0.10623 0.00021 0.00000 0.00000 0.63611 0.25744
0.08599 0.44535 0.00866 0.00000 0.31497 0.14503

observation: 6
0.94048 0.36887 0.20332 0.05994 0.02786 0.08785
0.01672 0.06694 0.51889 0.08200 0.11365 0.06131
0.02932 0.05769 0.26635 0.85477 0.12597 0.32484
0.01348 0.50650 0.01143 0.00328 0.08377 0.43678
0.00000 0.00000 0.00000 0.00000 0.02998 0.08922
0.00000 0.00000 0.00000 0.00000 0.61877 0.00000
