initial: 6
0.00738 0.15897 0.06637 0.19838 0.00000 0.56889

transition: 6
0.16559 0.53321 0.29305 0.00052 0.00215 0.00549
0.14110 0.45793 0.25959 0.08445 0.00001 0.05693
0.55785 0.04119 0.02786 0.36717 0.00187 0.00405
0.18918 0.02452 0.02371 0.57418 0.00119 0.18722
0.01026 0.10450 0.00000 0.00000 0.53694 0.34829
0.39661 0.01751 0.00001 0.00000 0.34488 0.24099

observation: 6
0.44819 0.56454 0.16434 0.09216 0.01499 0.09372
0.00963 0.11033 0.54693 0.08082 0.10000 0.07937
0.00805 0.18458 0.22633 0.18675 0.11064 0.33013
0.53368 0.14034 0.04188 0.00001 0.02578 0.39189
0.00046 0.00021 0.02052 0.64026 0.00601 0.10490
0.00000 0.00000 0.00000 0.00000 0.74257 0.00000
