initial: 6
0.76931 0.00109 0.08763 0.14197 0.00000 0.00000

transition: 6
0.39378 0.38843 0.15639 0.00498 0.01717 0.03925
0.18187 0.59509 0.20096 0.01772 0.00097 0.00338
0.18059 0.16883 0.02847 0.58548 0.00362 0.03300
0.15663 0.11658 0.07250 0.46401 0.00677 0.18351
0.11294 0.01780 0.00020 0.00076 0.61069 0.25761
0.34221 0.07195 0.00043 0.00001 0.31787 0.26753

observation: 6
0.53580 0.40187 0.27287 0.04301 0.02905 0.03613
0.04035 0.19875 0.40303 0.01761 0.10645 0.07361
0.23304 0.06493 0.25673 0.14618 0.15608 0.24530
0.18763 0.33276 0.01107 0.01237 0.03997 0.50495
0.00317 0.00169 0.05631 0.78083 0.02182 0.07757
0.00000 0.00000 0.00000 0.00000 0.64663 0.06245
