initial: 6
0.86025 0.00000 0.00067 0.13909 0.00000 0.00000

transition: 6
0.26071 0.41046 0.21184 0.07251 0.00387 0.04060
0.12406 0.60280 0.24399 0.02858 0.00006 0.00051
0.18661 0.21393 0.10484 0.45344 0.00059 0.04058
0.08842 0.05755 0.02848 0.53304 0.03315 0.25935
0.11564 0.00354 0.00010 0.00035 0.68911 0.19126
0.19782 0.41125 0.01623 0.00013 0.25394 0.12063

observation: 6
0.85242 0.29200 0.20556 0.06226 0.03456 0.07841
0.05118 0.21901 0.39029 0.04420 0.12183 0.02212
0.07047 0.08400 0.33246 0.88565 0.16789 0.18317
0.02592 0.40499 0.07169 0.00789 0.07663 0.62896
0.00000 0.00000 0.00000 0.00001 0.03699 0.08672
0.00000 0.00000 0.00000 0.00000 0.56210 0.00063
