initial: 6
0.13077 0.06116 0.12551 0.17075 0.00000 0.51181

transition: 6
0.26074 0.52777 0.17711 0.00133 0.01589 0.01715
0.15575 0.50540 0.28859 0.03601 0.00017 0.01408
0.46722 0.06418 0.02224 0.41196 0.00636 0.02804
0.20689 0.05003 0.07948 0.49706 0.00537 0.16117
0.07606 0.06610 0.00025 0.00050 0.55886 0.29823
0.34112 0.05305 0.00041 0.00001 0.39376 0.21164

observation: 6
0.35873 0.56352 0.16031 0.08083 0.01505 0.09325
0.04188 0.14170 0.47452 0.02228 0.09459 0.08100
0.08262 0.12735 0.27867 0.14959 0.11134 0.36697
0.51530 0.16680 0.00825 0.00154 0.04703 0.35944
0.00147 0.00063 0.07825 0.74576 0.01785 0.09739
0.00000 0.00000 0.00000 0.00000 0.71414 0.00195
