initial: 6
0.71960 0.00027 0.09214 0.18799 0.00000 0.00000

transition: 6
0.30854 0.00230 0.49163 0.00065 0.00000 0.19687
0.00075 0.20229 0.79454 0.00242 0.00000 0.00000
0.00068 0.50082 0.19983 0.29867 0.00000 0.00000
0.00009 0.20156 0.00001 0.59739 0.00000 0.20095
0.10490 0.00000 0.00000 0.00000 0.50029 0.39481
0.00012 0.39588 0.00000 0.00000 0.30099 0.30301

observation: 6
0.99558 0.49804 0.29758 0.09812 0.00086 0.09886
0.00226 0.00047 0.40106 0.09960 0.10431 0.09723
0.00216 0.00272 0.20038 0.80228 0.09118 0.30932
0.00000 0.49878 0.10097 0.00000 0.00634 0.39560
0.00000 0.00000 0.00002 0.00000 0.00273 0.09899
0.00000 0.00000 0.00000 0.00000 0.79459 0.00000
