initial: 6
0.50794 0.49206 0.00000 0.00000 0.00000 0.00000

transition: 6
0.29121 0.50651 0.00740 0.19362 0.00000 0.00126
0.00194 0.50128 0.19866 0.00001 0.00000 0.29810
0.00216 0.00036 0.20498 0.78736 0.00003 0.00512
0.00014 0.00191 0.00466 0.27697 0.51559 0.20073
0.00000 0.00000 0.00000 0.00000 0.50083 0.49917
0.60068 0.00002 0.20603 0.19327 0.00000 0.00000

observation: 6
0.00005 0.29992 0.00245 0.10031 0.29858 0.09819
0.09979 0.39660 0.00000 0.10148 0.00000 0.10055
0.40459 0.19990 0.48888 0.29562 0.30240 0.00000
0.49556 0.10358 0.50580 0.40266 0.00000 0.00000
0.00000 0.00000 0.00287 0.09994 0.00000 0.80126
0.00000 0.00000 0.00000 0.00000 0.39902 0.00000
