initial: 6
0.72009 0.00003 0.09231 0.18757 0.00000 0.00000

transition: 6
0.30827 0.00501 0.48850 0.00131 0.00000 0.19692
0.00060 0.20738 0.78712 0.00490 0.00000 0.00000
0.00108 0.50430 0.19585 0.29877 0.00000 0.00000
0.00039 0.20182 0.00001 0.59664 0.00000 0.20115
0.10489 0.00000 0.00000 0.00000 0.50300 0.39211
0.00027 0.39757 0.00000 0.00000 0.30191 0.30025

observation: 6
0.99543 0.49717 0.29693 0.09748 0.00160 0.09856
0.00217 0.00134 0.40339 0.09939 0.10443 0.09676
0.00232 0.00382 0.20026 0.80312 0.09139 0.30998
0.00007 0.49767 0.09942 0.00000 0.00868 0.39565
0.00000 0.00000 0.00000 0.00000 0.00328 0.09904
0.00000 0.00000 0.00000 0.00000 0.79062 0.00000
