initial: 6
0.71960 0.00051 0.09172 0.18817 0.00000 0.00000

transition: 6
0.30874 0.00138 0.49288 0.00032 0.00000 0.19668
0.00081 0.20100 0.79687 0.00131 0.00000 0.00000
0.00041 0.49969 0.20117 0.29873 0.00000 0.00000
0.00002 0.20164 0.00001 0.59768 0.00000 0.20066
0.10494 0.00000 0.00000 0.00000 0.49876 0.39630
0.00005 0.39499 0.00000 0.00000 0.30087 0.30409

observation: 6
0.99545 0.49843 0.29765 0.09824 0.00048 0.09893
0.00243 0.00017 0.40022 0.09970 0.10422 0.09740
0.00212 0.00218 0.20076 0.80206 0.09094 0.30905
0.00000 0.49919 0.10131 0.00000 0.00501 0.39572
0.00000 0.00003 0.00007 0.00000 0.00244 0.09890
0.00000 0.00000 0.00000 0.00000 0.79691 0.00000
