initial: 6
0.71960 0.00032 0.09205 0.18802 0.00000 0.00000

transition: 6
0.30857 0.00210 0.49198 0.00059 0.00000 0.19676
0.00076 0.20202 0.79503 0.00219 0.00000 0.00000
0.00063 0.50059 0.20016 0.29862 0.00000 0.00000
0.00007 0.20163 0.00001 0.59745 0.00000 0.20084
0.10491 0.00000 0.00000 0.00000 0.49998 0.39512
0.00010 0.39573 0.00000 0.00000 0.30109 0.30307

observation: 6
0.99556 0.49811 0.29759 0.09808 0.00078 0.09886
0.00229 0.00040 0.40085 0.09962 0.10428 0.09728
0.00215 0.00261 0.20046 0.80230 0.09111 0.30930
0.00000 0.49888 0.10104 0.00000 0.00609 0.39563
0.00000 0.00000 0.00006 0.00000 0.00267 0.09894
0.00000 0.00000 0.00000 0.00000 0.79507 0.00000
