initial: 6
0.83477 0.00000 0.01368 0.15155 0.00000 0.00000

transition: 6
0.24137 0.31055 0.32922 0.06138 0.00257 0.05491
0.10655 0.54444 0.32066 0.02826 0.00000 0.00007
0.18685 0.40297 0.01660 0.36231 0.00029 0.03098
0.08199 0.05591 0.01430 0.55367 0.02192 0.27221
0.10966 0.00100 0.00001 0.00003 0.67418 0.21513
0.14143 0.44885 0.01923 0.00002 0.28075 0.10972

observation: 6
0.90452 0.31998 0.16081 0.05724 0.03211 0.08559
0.03045 0.14082 0.51271 0.05105 0.12147 0.03341
0.04826 0.09092 0.29727 0.88437 0.15241 0.25388
0.01678 0.44829 0.02920 0.00734 0.08068 0.54085
0.00000 0.00000 0.00000 0.00000 0.03580 0.08624
0.00000 0.00000 0.00000 0.00000 0.57752 0.00003
