initial: 6
0.77967 0.00000 0.08015 0.14017 0.00000 0.00000

transition: 6
0.37010 0.32945 0.21282 0.00423 0.00754 0.07586
0.19356 0.58136 0.20120 0.02231 0.00020 0.00136
0.12408 0.27476 0.00888 0.52483 0.00331 0.06415
0.08852 0.13574 0.08090 0.46542 0.00326 0.22616
0.11397 0.00817 0.00002 0.00015 0.59736 0.28034
0.27809 0.18001 0.00018 0.00000 0.31747 0.22426

observation: 6
0.64150 0.36401 0.25392 0.04956 0.02645 0.05603
0.02696 0.18995 0.43205 0.00927 0.10593 0.07248
0.24171 0.05602 0.26098 0.14520 0.15143 0.25157
0.08632 0.38768 0.00992 0.00220 0.02351 0.52774
0.00351 0.00233 0.04314 0.79376 0.02411 0.08355
0.00000 0.00000 0.00000 0.00000 0.66856 0.00863
