initial: 6
0.50794 0.49206 0.00000 0.00000 0.00000 0.00000

transition: 6
0.29119 0.50643 0.00741 0.19369 0.00000 0.00128
0.00197 0.50127 0.19866 0.00001 0.00000 0.29809
0.00216 0.00036 0.20506 0.78730 0.00003 0.00509
0.00014 0.00193 0.00467 0.27683 0.51567 0.20076
0.00000 0.00000 0.00000 0.00000 0.50083 0.49917
0.60079 0.00002 0.20597 0.19322 0.00000 0.00000

observation: 6
0.00005 0.29992 0.00248 0.10032 0.29857 0.09819
0.09978 0.39660 0.00000 0.10148 0.00000 0.10054
0.40460 0.19990 0.48884 0.29561 0.30241 0.00000
0.49556 0.10358 0.50578 0.40266 0.00000 0.00000
0.00000 0.00000 0.00290 0.09994 0.00000 0.80127
0.00000 0.00000 0.00000 0.00000 0.39902 0.00000
