initial: 6
0.71963 0.00019 0.09225 0.18793 0.00000 0.00000

transition: 6
0.30849 0.00265 0.49120 0.00076 0.00000 0.19691
0.00071 0.20286 0.79365 0.00277 0.00000 0.00000
0.00074 0.50124 0.19934 0.29868 0.00000 0.00000
0.00013 0.20156 0.00001 0.59728 0.00000 0.20102
0.10489 0.00000 0.00000 0.00000 0.50073 0.39438
0.00014 0.39613 0.00000 0.00000 0.30106 0.30267

observation: 6
0.99559 0.49791 0.29753 0.09806 0.00097 0.09883
0.00223 0.00058 0.40135 0.09957 0.10434 0.09717
0.00218 0.00288 0.20031 0.80237 0.09124 0.30940
0.00000 0.49863 0.10081 0.00000 0.00671 0.39559
0.00000 0.00000 0.00000 0.00000 0.00281 0.09901
0.00000 0.00000 0.00000 0.00000 0.79393 0.00000
