initial: 6
0.71985 0.00279 0.09010 0.18726 0.00000 0.00000

transition: 6
0.29561 0.01195 0.50294 0.00102 0.00000 0.18848
0.20049 0.20262 0.59667 0.00012 0.00009 0.00001
0.00336 0.49745 0.19819 0.30088 0.00000 0.00012
0.00020 0.20205 0.00018 0.59747 0.00000 0.20009
0.10735 0.00000 0.00000 0.00000 0.50139 0.39126
0.00066 0.39444 0.00000 0.00000 0.30459 0.30032

observation: 6
0.69517 0.49723 0.30151 0.10005 0.00038 0.09782
0.00190 0.00148 0.39963 0.09918 0.10265 0.09719
0.30290 0.00034 0.20029 0.19604 0.09785 0.30210
0.00002 0.50094 0.09838 0.00000 0.00204 0.40382
0.00000 0.00000 0.00019 0.60473 0.00293 0.09907
0.00000 0.00000 0.00000 0.00000 0.79415 0.00000
