initial: 6
0.00000 0.10521 0.09522 0.21019 0.00000 0.58937

transition: 6
0.20291 0.20814 0.58895 0.00000 0.00000 0.00000
0.02233 0.28722 0.50398 0.00164 0.00000 0.18483
0.49588 0.00673 0.19377 0.30362 0.00000 0.00000
0.20035 0.00045 0.00118 0.59866 0.00000 0.19936
0.00000 0.10273 0.00000 0.00000 0.50344 0.39383
0.39811 0.00005 0.00000 0.00000 0.30379 0.29805

observation: 6
0.49452 0.69616 0.30005 0.10046 0.00022 0.09922
0.00219 0.00347 0.40214 0.09893 0.10273 0.09594
0.00000 0.29799 0.19951 0.19638 0.09892 0.30138
0.50329 0.00237 0.09807 0.00000 0.00408 0.40227
0.00000 0.00000 0.00023 0.60424 0.00208 0.10119
0.00000 0.00000 0.00000 0.00000 0.79198 0.00000
