initial: 6
0.72101 0.00286 0.08909 0.18704 0.00000 0.00000

transition: 6
0.29552 0.01454 0.50088 0.00144 0.00000 0.18762
0.20136 0.20376 0.59459 0.00026 0.00003 0.00001
0.00375 0.49833 0.19626 0.30149 0.00000 0.00017
0.00035 0.20215 0.00016 0.59731 0.00000 0.20004
0.10738 0.00000 0.00000 0.00000 0.50192 0.39070
0.00095 0.39442 0.00000 0.00000 0.30499 0.29965

observation: 6
0.69472 0.49665 0.30087 0.09995 0.00064 0.09774
0.00229 0.00207 0.40053 0.09900 0.10258 0.09703
0.30288 0.00045 0.20030 0.19594 0.09785 0.30222
0.00010 0.50083 0.09806 0.00000 0.00258 0.40386
0.00000 0.00000 0.00025 0.60511 0.00289 0.09916
0.00000 0.00000 0.00000 0.00000 0.79346 0.00000
