initial: 6
0.71980 0.00007 0.09238 0.18775 0.00000 0.00000

transition: 6
0.30836 0.00370 0.48999 0.00103 0.00000 0.19692
0.00064 0.20479 0.79079 0.00378 0.00000 0.00000
0.00091 0.50260 0.19781 0.29868 0.00000 0.00000
0.00024 0.20167 0.00001 0.59699 0.00000 0.20109
0.10488 0.00000 0.00000 0.00000 0.50185 0.39326
0.00020 0.39684 0.00000 0.00000 0.30147 0.30150

observation: 6
0.99557 0.49756 0.29731 0.09781 0.00128 0.09871
0.00218 0.00092 0.40225 0.09948 0.10438 0.09698
0.00224 0.00333 0.20022 0.80271 0.09132 0.30968
0.00002 0.49819 0.10022 0.00000 0.00768 0.39561
0.00000 0.00000 0.00000 0.00000 0.00304 0.09902
0.00000 0.00000 0.00000 0.00000 0.79229 0.00000
