initial: 6
0.00000 0.10942 0.09224 0.21005 0.00000 0.58830

transition: 6
0.20294 0.21945 0.57761 0.00001 0.00000 0.00000
0.04224 0.28927 0.48547 0.00736 0.00000 0.17566
0.49709 0.00839 0.18790 0.30663 0.00000 0.00000
0.20041 0.00107 0.00136 0.59850 0.00000 0.19866
0.00000 0.10410 0.00000 0.00000 0.50489 0.39101
0.39867 0.00015 0.00000 0.00000 0.30548 0.29570

observation: 6
0.49318 0.68992 0.29514 0.10054 0.00112 0.09815
0.00290 0.00762 0.40792 0.09833 0.10208 0.09595
0.00001 0.29602 0.19807 0.19632 0.09978 0.30164
0.50391 0.00643 0.09850 0.00000 0.00501 0.40268
0.00000 0.00000 0.00037 0.60481 0.00206 0.10158
0.00000 0.00000 0.00000 0.00000 0.78996 0.00000
