initial: 6
0.00000 0.10359 0.09634 0.21030 0.00000 0.58978

transition: 6
0.20267 0.20401 0.59328 0.00000 0.00003 0.00000
0.01293 0.28716 0.51133 0.00033 0.00001 0.18825
0.49569 0.00590 0.19619 0.30222 0.00000 0.00000
0.20039 0.00015 0.00106 0.59878 0.00000 0.19961
0.00000 0.10204 0.00000 0.00000 0.50271 0.39525
0.39784 0.00002 0.00000 0.00000 0.30303 0.29912

observation: 6
0.49516 0.69887 0.30176 0.10047 0.00002 0.09952
0.00181 0.00186 0.39998 0.09926 0.10302 0.09592
0.00000 0.29845 0.20002 0.19643 0.09851 0.30137
0.50303 0.00082 0.09808 0.00000 0.00339 0.40218
0.00000 0.00000 0.00015 0.60384 0.00206 0.10101
0.00000 0.00000 0.00000 0.00000 0.79300 0.00000
