initial: 6
0.75785 0.00000 0.06164 0.18052 0.00000 0.00000

transition: 6
0.30081 0.09659 0.43692 0.00838 0.00000 0.15729
0.22414 0.28746 0.47391 0.01445 0.00000 0.00003
0.01452 0.57042 0.06793 0.34456 0.00012 0.00246
0.00682 0.20806 0.00137 0.58818 0.00006 0.19552
0.10730 0.00002 0.00000 0.00000 0.51732 0.37536
0.01550 0.39379 0.00000 0.00000 0.31763 0.27309

observation: 6
0.67531 0.47017 0.26887 0.09423 0.00646 0.09456
0.01797 0.03921 0.44611 0.09269 0.10622 0.08323
0.30055 0.00460 0.21290 0.19445 0.09902 0.30815
0.00593 0.48596 0.06774 0.00000 0.01112 0.41292
0.00024 0.00007 0.00438 0.61863 0.00375 0.10114
0.00000 0.00000 0.00000 0.00000 0.77344 0.00000
