initial: 6
0.74980 0.00000 0.07017 0.18003 0.00000 0.00000

transition: 6
0.30354 0.07660 0.42222 0.01148 0.00000 0.18616
0.00366 0.33975 0.62381 0.03279 0.00000 0.00000
0.01205 0.56798 0.10532 0.31460 0.00000 0.00006
0.01115 0.20106 0.00012 0.58212 0.00009 0.20544
0.10701 0.00000 0.00000 0.00000 0.54160 0.35139
0.00712 0.41886 0.00003 0.00000 0.31777 0.25623

observation: 6
0.97394 0.47650 0.26774 0.08251 0.01061 0.09335
0.00926 0.02428 0.45765 0.09562 0.10704 0.08684
0.00918 0.01928 0.22622 0.82167 0.09805 0.31863
0.00762 0.47993 0.04839 0.00020 0.03699 0.40156
0.00000 0.00000 0.00000 0.00000 0.01109 0.09962
0.00000 0.00000 0.00000 0.00000 0.73622 0.00000
