initial: 6
0.73633 0.00000 0.08081 0.18287 0.00000 0.00000

transition: 6
0.30822 0.04675 0.44432 0.00643 0.00000 0.19429
0.00162 0.29637 0.67608 0.02594 0.00000 0.00000
0.00571 0.54791 0.13840 0.30796 0.00000 0.00002
0.00561 0.20391 0.00005 0.58745 0.00004 0.20294
0.10600 0.00000 0.00000 0.00000 0.52544 0.36856
0.00304 0.41066 0.00000 0.00000 0.31187 0.27442

observation: 6
0.98433 0.48695 0.27807 0.08835 0.00731 0.09522
0.00527 0.01443 0.43953 0.09716 0.10572 0.09128
0.00580 0.01358 0.21522 0.81441 0.09399 0.31573
0.00459 0.48503 0.06719 0.00008 0.02649 0.39803
0.00000 0.00000 0.00000 0.00000 0.00776 0.09975
0.00000 0.00000 0.00000 0.00000 0.75873 0.00000
