initial: 6
0.49018 0.50982 0.00000 0.00000 0.00000 0.00000

transition: 6
0.24181 0.40339 0.03147 0.31559 0.00468 0.00305
0.02162 0.49276 0.21188 0.00359 0.00489 0.26526
0.04531 0.01385 0.16961 0.75763 0.00844 0.00516
0.00266 0.02246 0.01973 0.24713 0.51987 0.18815
0.00000 0.00007 0.00000 0.00000 0.50252 0.49742
0.81746 0.00064 0.01154 0.16995 0.00040 0.00000

observation: 6
0.00059 0.29871 0.02166 0.09477 0.30024 0.09456
0.07648 0.40473 0.00863 0.09483 0.00008 0.09676
0.42316 0.19553 0.43702 0.29701 0.30202 0.00000
0.49977 0.10099 0.44171 0.41251 0.00000 0.00000
0.00000 0.00003 0.09099 0.10089 0.00028 0.80867
0.00000 0.00000 0.00000 0.00000 0.39738 0.00000
