initial: 6
0.02621 0.13991 0.08479 0.18777 0.00000 0.56131

transition: 6
0.18206 0.53220 0.26842 0.00072 0.00580 0.01080
0.14473 0.47136 0.27164 0.07049 0.00002 0.04176
0.54725 0.04767 0.01963 0.37092 0.00362 0.01090
0.18712 0.03207 0.04558 0.55102 0.00241 0.18179
0.02302 0.09471 0.00002 0.00000 0.54324 0.33901
0.38728 0.02759 0.00004 0.00000 0.35791 0.22718

observation: 6
0.42681 0.56299 0.16312 0.08771 0.01557 0.09138
0.01298 0.12084 0.53175 0.06129 0.09924 0.07795
0.01971 0.16759 0.24971 0.17893 0.11067 0.34227
0.53967 0.14823 0.01990 0.00005 0.03275 0.38384
0.00083 0.00035 0.03552 0.67202 0.00842 0.10455
0.00000 0.00000 0.00000 0.00000 0.73336 0.00001
