initial: 6
0.81401 0.00000 0.03621 0.14978 0.00000 0.00000

transition: 6
0.24446 0.27854 0.35282 0.06056 0.00195 0.06167
0.10180 0.48791 0.38042 0.02984 0.00000 0.00004
0.16415 0.47701 0.00951 0.32816 0.00019 0.02099
0.07858 0.06315 0.01105 0.55838 0.01652 0.27232
0.10797 0.00069 0.00000 0.00001 0.66496 0.22637
0.12796 0.44585 0.01829 0.00001 0.29404 0.11385

observation: 6
0.91941 0.33614 0.15675 0.05648 0.03136 0.08560
0.02379 0.10489 0.53626 0.05816 0.11975 0.04173
0.04092 0.08356 0.28849 0.87890 0.14406 0.28259
0.01588 0.47542 0.01850 0.00645 0.08271 0.50238
0.00000 0.00000 0.00000 0.00000 0.03434 0.08768
0.00000 0.00000 0.00000 0.00000 0.58779 0.00001
