initial: 6
0.72353 0.00000 0.09008 0.18639 0.00000 0.00000

transition: 6
0.30835 0.01534 0.47689 0.00273 0.00000 0.19669
0.00070 0.23060 0.75673 0.01198 0.00000 0.00000
0.00212 0.51714 0.17990 0.30084 0.00000 0.00000
0.00156 0.20295 0.00002 0.59410 0.00000 0.20137
0.10508 0.00000 0.00000 0.00000 0.50941 0.38551
0.00080 0.40151 0.00000 0.00000 0.30475 0.29294

observation: 6
0.99333 0.49467 0.29255 0.09508 0.00344 0.09750
0.00259 0.00464 0.41286 0.09886 0.10473 0.09529
0.00307 0.00677 0.20280 0.80604 0.09159 0.31192
0.00100 0.49392 0.09179 0.00001 0.01419 0.39599
0.00000 0.00000 0.00000 0.00000 0.00453 0.09929
0.00000 0.00000 0.00000 0.00000 0.78153 0.00000
