initial: 6
0.71960 0.00044 0.09184 0.18811 0.00000 0.00000

transition: 6
0.30866 0.00169 0.49250 0.00044 0.00000 0.19670
0.00078 0.20147 0.79605 0.00170 0.00000 0.00000
0.00051 0.50008 0.20075 0.29866 0.00000 0.00000
0.00004 0.20164 0.00001 0.59757 0.00000 0.20074
0.10492 0.00000 0.00000 0.00000 0.49932 0.39576
0.00007 0.39533 0.00000 0.00000 0.30100 0.30359

observation: 6
0.99549 0.49830 0.29762 0.09816 0.00061 0.09890
0.00237 0.00027 0.40049 0.09966 0.10425 0.09736
0.00213 0.00237 0.20063 0.80218 0.09102 0.30916
0.00000 0.49906 0.10118 0.00000 0.00551 0.39566
0.00000 0.00000 0.00008 0.00000 0.00255 0.09892
0.00000 0.00000 0.00000 0.00000 0.79605 0.00000
