initial: 6
0.00000 0.10469 0.09558 0.21022 0.00000 0.58951

transition: 6
0.20285 0.20682 0.59033 0.00000 0.00000 0.00000
0.01949 0.28714 0.50628 0.00115 0.00000 0.18595
0.49580 0.00648 0.19453 0.30320 0.00000 0.00000
0.20035 0.00036 0.00114 0.59870 0.00000 0.19945
0.00000 0.10252 0.00000 0.00000 0.50322 0.39426
0.39802 0.00004 0.00000 0.00000 0.30356 0.29838

observation: 6
0.49472 0.69700 0.30060 0.10046 0.00013 0.09934
0.00207 0.00296 0.40146 0.09903 0.10282 0.09593
0.00000 0.29817 0.19967 0.19639 0.09880 0.30136
0.50321 0.00187 0.09806 0.00000 0.00390 0.40223
0.00000 0.00000 0.00021 0.60412 0.00207 0.10113
0.00000 0.00000 0.00000 0.00000 0.79228 0.00000
