initial: 6
0.00000 0.12230 0.08205 0.20976 0.00000 0.58589

transition: 6
0.20021 0.26238 0.53739 0.00002 0.00000 0.00000
0.08990 0.30307 0.42573 0.03378 0.00000 0.14752
0.50354 0.01238 0.16996 0.31413 0.00000 0.00000
0.20064 0.00260 0.00173 0.59823 0.00000 0.19680
0.00000 0.10674 0.00000 0.00000 0.50825 0.38501
0.39982 0.00042 0.00000 0.00000 0.30961 0.29015

observation: 6
0.48967 0.67280 0.27477 0.10104 0.00375 0.09595
0.00422 0.02089 0.43012 0.09721 0.10058 0.09561
0.00003 0.28601 0.19279 0.19635 0.10199 0.30293
0.50608 0.02028 0.10162 0.00000 0.00665 0.40320
0.00000 0.00001 0.00069 0.60540 0.00198 0.10231
0.00000 0.00000 0.00000 0.00000 0.78505 0.00000
