initial: 6
0.50760 0.49240 0.00000 0.00000 0.00000 0.00000

transition: 6
0.29048 0.50195 0.00752 0.19829 0.00000 0.00175
0.00274 0.50107 0.19865 0.00002 0.00000 0.29751
0.00251 0.00046 0.20761 0.78499 0.00006 0.00438
0.00016 0.00249 0.00500 0.27191 0.51860 0.20184
0.00000 0.00000 0.00000 0.00000 0.50088 0.49912
0.60691 0.00004 0.20131 0.19174 0.00000 0.00000

observation: 6
0.00005 0.29991 0.00328 0.10048 0.29845 0.09804
0.09912 0.39671 0.00001 0.10138 0.00000 0.10044
0.40509 0.19980 0.48780 0.29545 0.30250 0.00000
0.49574 0.10359 0.50476 0.40277 0.00000 0.00000
0.00000 0.00000 0.00415 0.09992 0.00000 0.80152
0.00000 0.00000 0.00000 0.00000 0.39905 0.00000
