initial: 6
0.72621 0.00165 0.08608 0.18605 0.00000 0.00000

transition: 6
0.29586 0.02430 0.49311 0.00304 0.00000 0.18369
0.20471 0.20915 0.58509 0.00104 0.00000 0.00001
0.00499 0.50282 0.18775 0.30412 0.00000 0.00032
0.00090 0.20286 0.00015 0.59658 0.00000 0.19951
0.10761 0.00000 0.00000 0.00000 0.50346 0.38892
0.00201 0.39456 0.00000 0.00000 0.30655 0.29688

observation: 6
0.69273 0.49440 0.29802 0.09949 0.00161 0.09692
0.00380 0.00460 0.40439 0.09822 0.10246 0.09629
0.30240 0.00088 0.20063 0.19567 0.09766 0.30314
0.00106 0.50012 0.09647 0.00000 0.00407 0.40411
0.00002 0.00000 0.00048 0.60662 0.00270 0.09954
0.00000 0.00000 0.00000 0.00000 0.79151 0.00000
