initial: 6
0.00000 0.10361 0.09632 0.21029 0.00000 0.58977

transition: 6
0.20268 0.20407 0.59322 0.00000 0.00003 0.00000
0.01308 0.28715 0.51122 0.00034 0.00000 0.18820
0.49569 0.00591 0.19615 0.30225 0.00000 0.00000
0.20039 0.00016 0.00106 0.59878 0.00000 0.19961
0.00000 0.10205 0.00000 0.00000 0.50272 0.39523
0.39784 0.00002 0.00000 0.00000 0.30304 0.29910

observation: 6
0.49515 0.69883 0.30174 0.10047 0.00002 0.09952
0.00182 0.00189 0.40001 0.09925 0.10302 0.09592
0.00000 0.29844 0.20001 0.19643 0.09852 0.30137
0.50303 0.00084 0.09808 0.00000 0.00340 0.40218
0.00000 0.00000 0.00015 0.60384 0.00206 0.10101
0.00000 0.00000 0.00000 0.00000 0.79298 0.00000
