initial: 6
0.74016 0.00000 0.07787 0.18197 0.00000 0.00000

transition: 6
0.30749 0.05528 0.43679 0.00769 0.00000 0.19276
0.00204 0.31089 0.65862 0.02844 0.00000 0.00000
0.00714 0.55452 0.12850 0.30982 0.00000 0.00003
0.00699 0.20348 0.00007 0.58581 0.00005 0.20359
0.10629 0.00000 0.00000 0.00000 0.52999 0.36372
0.00396 0.41310 0.00001 0.00000 0.31368 0.26926

observation: 6
0.98144 0.48433 0.27465 0.08659 0.00827 0.09467
0.00632 0.01720 0.44557 0.09667 0.10607 0.09007
0.00670 0.01528 0.21863 0.81663 0.09506 0.31657
0.00554 0.48319 0.06115 0.00011 0.02959 0.39891
0.00000 0.00000 0.00000 0.00000 0.00870 0.09977
0.00000 0.00000 0.00000 0.00000 0.75231 0.00000
