initial: 6
0.72010 0.00282 0.08987 0.18721 0.00000 0.00000

transition: 6
0.29559 0.01250 0.50249 0.00111 0.00000 0.18831
0.20068 0.20285 0.59625 0.00015 0.00007 0.00001
0.00345 0.49763 0.19778 0.30101 0.00000 0.00013
0.00024 0.20206 0.00017 0.59744 0.00000 0.20009
0.10735 0.00000 0.00000 0.00000 0.50151 0.39113
0.00072 0.39442 0.00000 0.00000 0.30467 0.30019

observation: 6
0.69507 0.49711 0.30137 0.10003 0.00043 0.09783
0.00199 0.00161 0.39982 0.09915 0.10263 0.09715
0.30290 0.00036 0.20029 0.19601 0.09785 0.30211
0.00003 0.50092 0.09832 0.00000 0.00217 0.40383
0.00000 0.00000 0.00020 0.60481 0.00293 0.09909
0.00000 0.00000 0.00000 0.00000 0.79399 0.00000
