initial: 6
0.00000 0.12094 0.08315 0.20979 0.00000 0.58611

transition: 6
0.20066 0.25729 0.54203 0.00002 0.00000 0.00000
0.08549 0.30124 0.43213 0.03075 0.00000 0.15039
0.50273 0.01198 0.17189 0.31340 0.00000 0.00000
0.20063 0.00243 0.00170 0.59826 0.00000 0.19698
0.00000 0.10653 0.00000 0.00000 0.50791 0.38556
0.39971 0.00039 0.00000 0.00000 0.30921 0.29070

observation: 6
0.49003 0.67459 0.27728 0.10098 0.00349 0.09612
0.00411 0.01945 0.42745 0.09731 0.10071 0.09568
0.00003 0.28730 0.19338 0.19635 0.10177 0.30276
0.50583 0.01865 0.10124 0.00000 0.00649 0.40320
0.00000 0.00001 0.00066 0.60536 0.00198 0.10225
0.00000 0.00000 0.00000 0.00000 0.78556 0.00000
