initial: 6
0.72122 0.00000 0.09165 0.18712 0.00000 0.00000

transition: 6
0.30821 0.00877 0.48423 0.00192 0.00000 0.19687
0.00060 0.21554 0.77610 0.00776 0.00000 0.00000
0.00149 0.50913 0.19000 0.29937 0.00000 0.00000
0.00082 0.20225 0.00001 0.59567 0.00000 0.20124
0.10494 0.00000 0.00000 0.00000 0.50566 0.38940
0.00046 0.39923 0.00000 0.00000 0.30304 0.29727

observation: 6
0.99480 0.49618 0.29550 0.09658 0.00237 0.09814
0.00227 0.00256 0.40680 0.09918 0.10455 0.09619
0.00259 0.00502 0.20089 0.80423 0.09147 0.31077
0.00035 0.49624 0.09681 0.00001 0.01099 0.39577
0.00000 0.00000 0.00000 0.00000 0.00380 0.09913
0.00000 0.00000 0.00000 0.00000 0.78683 0.00000
