initial: 6
0.00019 0.16028 0.05518 0.20796 0.00000 0.57639

transition: 6
0.15977 0.47982 0.35959 0.00018 0.00011 0.00052
0.14509 0.41826 0.26631 0.09293 0.00000 0.07742
0.54526 0.02675 0.07884 0.34889 0.00014 0.00012
0.19578 0.01383 0.00637 0.59253 0.00012 0.19138
0.00130 0.11096 0.00000 0.00000 0.52415 0.36359
0.40163 0.00584 0.00000 0.00000 0.32774 0.26479

observation: 6
0.46583 0.59523 0.17768 0.09972 0.01133 0.09563
0.00833 0.08341 0.53528 0.09314 0.09841 0.08761
0.00090 0.21646 0.19203 0.19328 0.10892 0.31535
0.52485 0.10483 0.08984 0.00000 0.01638 0.39705
0.00009 0.00007 0.00517 0.61386 0.00338 0.10436
0.00000 0.00000 0.00000 0.00000 0.76157 0.00000
