initial: 6
0.76578 0.00000 0.05700 0.17721 0.00000 0.00000

transition: 6
0.29920 0.12955 0.41192 0.00829 0.00002 0.15102
0.22236 0.32871 0.42549 0.02339 0.00000 0.00005
0.02099 0.59077 0.02703 0.35587 0.00032 0.00502
0.01263 0.20326 0.00459 0.58186 0.00018 0.19748
0.10655 0.00009 0.00000 0.00000 0.52638 0.36698
0.02806 0.39019 0.00000 0.00000 0.32093 0.26082

observation: 6
0.67333 0.45975 0.25685 0.08889 0.00852 0.09421
0.01947 0.05245 0.46588 0.09026 0.10806 0.07820
0.29834 0.00671 0.22407 0.19269 0.10403 0.30564
0.00830 0.48087 0.04421 0.00000 0.01356 0.42058
0.00055 0.00022 0.00898 0.62815 0.00509 0.10136
0.00000 0.00000 0.00000 0.00000 0.76075 0.00001
