initial: 6
0.00000 0.10928 0.09234 0.21005 0.00000 0.58833

transition: 6
0.20295 0.21906 0.57799 0.00001 0.00000 0.00000
0.04164 0.28918 0.48608 0.00713 0.00000 0.17597
0.49704 0.00834 0.18809 0.30654 0.00000 0.00000
0.20041 0.00105 0.00136 0.59850 0.00000 0.19868
0.00000 0.10406 0.00000 0.00000 0.50484 0.39109
0.39866 0.00014 0.00000 0.00000 0.30543 0.29577

observation: 6
0.49322 0.69011 0.29531 0.10053 0.00109 0.09818
0.00288 0.00749 0.40772 0.09834 0.10210 0.09595
0.00001 0.29610 0.19812 0.19632 0.09975 0.30163
0.50389 0.00629 0.09848 0.00000 0.00499 0.40266
0.00000 0.00000 0.00036 0.60480 0.00206 0.10157
0.00000 0.00000 0.00000 0.00000 0.79001 0.00000
