initial: 6
0.72096 0.00286 0.08914 0.18705 0.00000 0.00000

transition: 6
0.29552 0.01444 0.50096 0.00142 0.00000 0.18766
0.20132 0.20371 0.59468 0.00025 0.00003 0.00001
0.00374 0.49829 0.19634 0.30146 0.00000 0.00017
0.00034 0.20214 0.00016 0.59732 0.00000 0.20004
0.10738 0.00000 0.00000 0.00000 0.50190 0.39072
0.00094 0.39442 0.00000 0.00000 0.30497 0.29968

observation: 6
0.69474 0.49667 0.30090 0.09995 0.00063 0.09774
0.00227 0.00205 0.40049 0.09901 0.10259 0.09703
0.30288 0.00045 0.20030 0.19594 0.09785 0.30221
0.00010 0.50084 0.09807 0.00000 0.00256 0.40386
0.00000 0.00000 0.00024 0.60510 0.00289 0.09915
0.00000 0.00000 0.00000 0.00000 0.79349 0.00000
