initial: 6
0.50789 0.49211 0.00000 0.00000 0.00000 0.00000

transition: 6
0.29141 0.50721 0.00729 0.19306 0.00000 0.00103
0.00162 0.50144 0.19869 0.00000 0.00000 0.29824
0.00207 0.00032 0.20410 0.78805 0.00002 0.00545
0.00013 0.00170 0.00456 0.27858 0.51461 0.20042
0.00000 0.00000 0.00000 0.00000 0.50081 0.49919
0.59971 0.00001 0.20648 0.19379 0.00000 0.00000

observation: 6
0.00007 0.29990 0.00217 0.10025 0.29863 0.09825
0.09986 0.39660 0.00000 0.10148 0.00000 0.10058
0.40453 0.19992 0.48930 0.29569 0.30237 0.00000
0.49555 0.10358 0.50607 0.40264 0.00000 0.00000
0.00000 0.00000 0.00246 0.09994 0.00000 0.80118
0.00000 0.00000 0.00000 0.00000 0.39900 0.00000
