initial: 6
0.72157 0.00284 0.08865 0.18694 0.00000 0.00000

transition: 6
0.29550 0.01575 0.49993 0.00164 0.00000 0.18718
0.20175 0.20435 0.59355 0.00033 0.00002 0.00001
0.00392 0.49879 0.19532 0.30178 0.00000 0.00019
0.00042 0.20221 0.00015 0.59723 0.00000 0.19999
0.10741 0.00000 0.00000 0.00000 0.50214 0.39046
0.00108 0.39444 0.00000 0.00000 0.30517 0.29931

observation: 6
0.69451 0.49638 0.30056 0.09989 0.00077 0.09765
0.00247 0.00235 0.40096 0.09891 0.10256 0.09695
0.30285 0.00050 0.20032 0.19590 0.09784 0.30231
0.00017 0.50077 0.09789 0.00000 0.00280 0.40389
0.00001 0.00000 0.00027 0.60530 0.00286 0.09921
0.00000 0.00000 0.00000 0.00000 0.79317 0.00000
