initial: 6
0.71960 0.00050 0.09173 0.18817 0.00000 0.00000

transition: 6
0.30873 0.00142 0.49283 0.00033 0.00000 0.19668
0.00081 0.20105 0.79679 0.00135 0.00000 0.00000
0.00042 0.49973 0.20113 0.29873 0.00000 0.00000
0.00002 0.20163 0.00001 0.59766 0.00000 0.20067
0.10494 0.00000 0.00000 0.00000 0.49882 0.39624
0.00005 0.39503 0.00000 0.00000 0.30087 0.30404

observation: 6
0.99545 0.49842 0.29765 0.09823 0.00049 0.09893
0.00242 0.00018 0.40025 0.09970 0.10422 0.09740
0.00213 0.00220 0.20074 0.80207 0.09095 0.30906
0.00000 0.49918 0.10130 0.00000 0.00506 0.39571
0.00000 0.00002 0.00007 0.00000 0.00245 0.09890
0.00000 0.00000 0.00000 0.00000 0.79681 0.00000
