initial: 6
0.00088 0.16331 0.05564 0.20607 0.00000 0.57410

transition: 6
0.15672 0.50979 0.33137 0.00028 0.00040 0.00145
0.14183 0.43780 0.25839 0.09183 0.00000 0.07015
0.55366 0.03195 0.05454 0.35879 0.00049 0.00057
0.19372 0.01723 0.01004 0.58859 0.00033 0.19010
0.00304 0.11005 0.00000 0.00000 0.52853 0.35837
0.40073 0.00903 0.00000 0.00000 0.33314 0.25710

observation: 6
0.45983 0.58060 0.16969 0.09771 0.01278 0.09558
0.00870 0.09586 0.54411 0.09108 0.09880 0.08464
0.00213 0.20403 0.20154 0.19155 0.10976 0.31966
0.52917 0.11941 0.07595 0.00000 0.01943 0.39550
0.00017 0.00010 0.00872 0.61966 0.00413 0.10462
0.00000 0.00000 0.00000 0.00000 0.75510 0.00000
