initial: 6
0.48756 0.51244 0.00000 0.00000 0.00000 0.00000

transition: 6
0.26241 0.40471 0.01907 0.31033 0.00123 0.00225
0.01117 0.50359 0.20468 0.00087 0.00060 0.27910
0.01632 0.00493 0.21228 0.76072 0.00204 0.00370
0.00099 0.01142 0.01229 0.24115 0.53086 0.20330
0.00000 0.00000 0.00000 0.00000 0.50114 0.49886
0.79065 0.00032 0.02824 0.18078 0.00001 0.00000

observation: 6
0.00021 0.29723 0.01234 0.10169 0.29838 0.09668
0.07852 0.40131 0.00171 0.09869 0.00000 0.09879
0.42146 0.19726 0.46195 0.29547 0.30253 0.00000
0.49981 0.10421 0.47418 0.40418 0.00000 0.00000
0.00000 0.00000 0.04983 0.09997 0.00001 0.80453
0.00000 0.00000 0.00000 0.00000 0.39908 0.00000
