initial: 6
0.77741 0.00000 0.05072 0.17187 0.00000 0.00000

transition: 6
0.25385 0.17270 0.41279 0.03727 0.00003 0.12336
0.03067 0.38662 0.54567 0.03704 0.00000 0.00000
0.06073 0.57742 0.03055 0.33049 0.00000 0.00080
0.04044 0.16450 0.00087 0.57099 0.00074 0.22247
0.10748 0.00002 0.00000 0.00000 0.59281 0.29968
0.03910 0.43425 0.00103 0.00000 0.32488 0.20074

observation: 6
0.95112 0.42015 0.25014 0.07062 0.02021 0.09064
0.01693 0.05136 0.48426 0.09224 0.11023 0.07402
0.01992 0.03565 0.24616 0.83600 0.11242 0.32610
0.01203 0.49284 0.01944 0.00114 0.06561 0.41382
0.00000 0.00000 0.00000 0.00000 0.02157 0.09542
0.00000 0.00000 0.00000 0.00000 0.66995 0.00000
