initial: 6
0.74457 0.00000 0.07236 0.18307 0.00000 0.00000

transition: 6
0.29920 0.06089 0.46368 0.00729 0.00000 0.16895
0.21709 0.24279 0.53365 0.00646 0.00000 0.00001
0.00905 0.53215 0.13667 0.32112 0.00002 0.00100
0.00310 0.20673 0.00039 0.59298 0.00001 0.19679
0.10789 0.00000 0.00000 0.00000 0.50901 0.38309
0.00695 0.39452 0.00000 0.00000 0.31242 0.28611

observation: 6
0.68365 0.48356 0.28380 0.09738 0.00428 0.09496
0.01142 0.01918 0.42436 0.09510 0.10360 0.09086
0.30106 0.00257 0.20475 0.19514 0.09684 0.30694
0.00378 0.49467 0.08529 0.00000 0.00788 0.40680
0.00009 0.00002 0.00180 0.61238 0.00281 0.10044
0.00000 0.00000 0.00000 0.00000 0.78459 0.00000
