initial: 6
0.00000 0.10598 0.09470 0.21016 0.00000 0.58916

transition: 6
0.20297 0.21010 0.58693 0.00000 0.00000 0.00000
0.02628 0.28743 0.50063 0.00246 0.00000 0.18319
0.49604 0.00707 0.19268 0.30421 0.00000 0.00000
0.20035 0.00058 0.00122 0.59862 0.00000 0.19923
0.00000 0.10301 0.00000 0.00000 0.50374 0.39325
0.39823 0.00007 0.00000 0.00000 0.30412 0.29757

observation: 6
0.49426 0.69497 0.29922 0.10046 0.00036 0.09902
0.00234 0.00422 0.40315 0.09880 0.10260 0.09595
0.00001 0.29770 0.19926 0.19636 0.09909 0.30142
0.50340 0.00311 0.09811 0.00000 0.00430 0.40234
0.00000 0.00000 0.00026 0.60438 0.00208 0.10128
0.00000 0.00000 0.00000 0.00000 0.79156 0.00000
