initial: 6
0.50777 0.49223 0.00000 0.00000 0.00000 0.00000

transition: 6
0.29165 0.50772 0.00702 0.19290 0.00000 0.00071
0.00120 0.50167 0.19875 0.00000 0.00000 0.29838
0.00205 0.00026 0.20321 0.78859 0.00001 0.00589
0.00013 0.00142 0.00447 0.28025 0.51359 0.20013
0.00000 0.00000 0.00000 0.00000 0.50079 0.49921
0.59903 0.00001 0.20659 0.19437 0.00000 0.00000

observation: 6
0.00010 0.29985 0.00184 0.10018 0.29869 0.09831
0.09988 0.39660 0.00000 0.10147 0.00000 0.10060
0.40449 0.19994 0.48979 0.29578 0.30234 0.00000
0.49554 0.10361 0.50636 0.40262 0.00000 0.00000
0.00000 0.00000 0.00202 0.09994 0.00000 0.80109
0.00000 0.00000 0.00000 0.00000 0.39898 0.00000
