initial: 6
0.50794 0.49206 0.00000 0.00000 0.00000 0.00000

transition: 6
0.29120 0.50647 0.00741 0.19365 0.00000 0.00127
0.00196 0.50128 0.19866 0.00001 0.00000 0.29809
0.00216 0.00036 0.20502 0.78733 0.00003 0.00510
0.00014 0.00192 0.00466 0.27690 0.51563 0.20075
0.00000 0.00000 0.00000 0.00000 0.50083 0.49917
0.60073 0.00002 0.20600 0.19324 0.00000 0.00000

observation: 6
0.00005 0.29992 0.00246 0.10031 0.29858 0.09819
0.09979 0.39660 0.00000 0.10148 0.00000 0.10055
0.40460 0.19990 0.48886 0.29561 0.30241 0.00000
0.49556 0.10358 0.50579 0.40266 0.00000 0.00000
0.00000 0.00000 0.00288 0.09994 0.00000 0.80127
0.00000 0.00000 0.00000 0.00000 0.39902 0.00000
