initial: 6
0.00000 0.11279 0.08967 0.20997 0.00000 0.58757

transition: 6
0.20258 0.22951 0.56791 0.00001 0.00000 0.00000
0.05613 0.29204 0.47019 0.01346 0.00000 0.16818
0.49847 0.00951 0.18326 0.30876 0.00000 0.00000
0.20050 0.00149 0.00147 0.59842 0.00000 0.19812
0.00000 0.10496 0.00000 0.00000 0.50584 0.38920
0.39902 0.00021 0.00000 0.00000 0.30666 0.29411

observation: 6
0.49222 0.68530 0.29057 0.10066 0.00185 0.09743
0.00332 0.01102 0.41304 0.09797 0.10163 0.09591
0.00001 0.29391 0.19678 0.19632 0.10039 0.30191
0.50444 0.00976 0.09915 0.00000 0.00550 0.40294
0.00000 0.00001 0.00045 0.60505 0.00203 0.10181
0.00000 0.00000 0.00000 0.00000 0.78860 0.00000
