initial: 6
0.77082 0.00000 0.05646 0.17272 0.00000 0.00000

transition: 6
0.29981 0.16062 0.38918 0.00785 0.00014 0.14240
0.22328 0.35700 0.39022 0.02942 0.00000 0.00008
0.02777 0.59442 0.01119 0.35648 0.00066 0.00948
0.02020 0.19212 0.01320 0.57258 0.00040 0.20150
0.10557 0.00029 0.00000 0.00000 0.53639 0.35775
0.04647 0.38024 0.00000 0.00000 0.32379 0.24950

observation: 6
0.67865 0.44632 0.24697 0.08347 0.01109 0.09286
0.01850 0.06130 0.48340 0.08351 0.10914 0.07475
0.29131 0.00961 0.23375 0.18928 0.11100 0.30039
0.01048 0.48222 0.02015 0.00000 0.01533 0.43039
0.00106 0.00055 0.01573 0.64375 0.00675 0.10156
0.00000 0.00000 0.00000 0.00000 0.74669 0.00005
