initial: 6
0.00000 0.10845 0.09295 0.21007 0.00000 0.58853

transition: 6
0.20299 0.21673 0.58027 0.00001 0.00000 0.00000
0.03799 0.28863 0.48977 0.00582 0.00000 0.17779
0.49675 0.00804 0.18923 0.30598 0.00000 0.00000
0.20039 0.00094 0.00133 0.59852 0.00000 0.19881
0.00000 0.10382 0.00000 0.00000 0.50459 0.39159
0.39856 0.00013 0.00000 0.00000 0.30512 0.29619

observation: 6
0.49347 0.69129 0.29635 0.10051 0.00090 0.09838
0.00276 0.00666 0.40653 0.09845 0.10222 0.09595
0.00001 0.29655 0.19842 0.19633 0.09960 0.30157
0.50377 0.00549 0.09836 0.00000 0.00484 0.40259
0.00000 0.00000 0.00034 0.60472 0.00207 0.10150
0.00000 0.00000 0.00000 0.00000 0.79037 0.00000
