initial: 6
0.71972 0.00010 0.09237 0.18781 0.00000 0.00000

transition: 6
0.30840 0.00331 0.49044 0.00093 0.00000 0.19692
0.00066 0.20406 0.79187 0.00342 0.00000 0.00000
0.00085 0.50210 0.19839 0.29867 0.00000 0.00000
0.00020 0.20163 0.00001 0.59710 0.00000 0.20107
0.10488 0.00000 0.00000 0.00000 0.50146 0.39365
0.00018 0.39659 0.00000 0.00000 0.30132 0.30191

observation: 6
0.99559 0.49769 0.29740 0.09790 0.00117 0.09876
0.00219 0.00079 0.40191 0.09951 0.10437 0.09705
0.00221 0.00317 0.20023 0.80258 0.09130 0.30958
0.00001 0.49835 0.10045 0.00000 0.00735 0.39560
0.00000 0.00000 0.00000 0.00000 0.00296 0.09902
0.00000 0.00000 0.00000 0.00000 0.79286 0.00000
