initial: 6
0.63919 0.35629 0.00052 0.00401 0.00000 0.00000

transition: 6
0.24922 0.46841 0.08461 0.10027 0.05608 0.04141
0.05030 0.37084 0.35864 0.04094 0.06315 0.11614
0.15212 0.04286 0.17564 0.57462 0.04340 0.01136
0.05766 0.10099 0.06624 0.30777 0.41243 0.05491
0.00088 0.01690 0.02397 0.00084 0.50188 0.45553
0.62390 0.00691 0.03738 0.30540 0.02179 0.00461

observation: 6
0.01988 0.33624 0.04023 0.02005 0.31633 0.07481
0.11320 0.41377 0.14352 0.03891 0.00431 0.04988
0.40473 0.15940 0.22383 0.37918 0.29661 0.02368
0.46136 0.07684 0.22735 0.53068 0.01220 0.00369
0.00082 0.01351 0.36506 0.03112 0.00822 0.84734
0.00000 0.00023 0.00000 0.00007 0.36232 0.00061
