initial: 6
1.00000 0.00000 0.00000 0.00000 0.00000 0.00000

transition: 6
0.51541 0.18662 0.12961 0.16829 0.00004 0.00003
0.04025 0.47996 0.33860 0.14106 0.00007 0.00006
0.00451 0.02545 0.31395 0.58656 0.03702 0.03250
0.00016 0.00403 0.10942 0.43269 0.33890 0.11480
0.05803 0.41886 0.00082 0.00000 0.16364 0.35864
0.10031 0.41411 0.00068 0.00000 0.07735 0.40756

observation: 6
0.39221 0.04807 0.02500 0.09317 0.00544 0.00000
0.31750 0.06702 0.02587 0.09303 0.00681 0.00001
0.28991 0.88481 0.59194 0.26271 0.00915 0.00429
0.00037 0.00010 0.35266 0.45461 0.00024 0.00000
0.00000 0.00000 0.00454 0.09649 0.00065 0.00000
0.00000 0.00000 0.00000 0.00000 0.97771 0.99570
