initial: 6
0.64635 0.07471 0.13506 0.14388 0.00000 0.00000

transition: 6
0.45344 0.43584 0.07468 0.00940 0.01179 0.01486
0.19160 0.53759 0.23740 0.02338 0.00385 0.00619
0.17923 0.11953 0.14778 0.52024 0.01307 0.02014
0.23150 0.11488 0.04790 0.50040 0.05741 0.04791
0.04810 0.02020 0.00302 0.00407 0.60476 0.31984
0.31478 0.05478 0.00530 0.00139 0.20863 0.41512

observation: 6
0.45066 0.44257 0.24922 0.05033 0.02638 0.04219
0.06959 0.18783 0.35882 0.03214 0.10684 0.06142
0.19558 0.08538 0.25372 0.16593 0.20012 0.19776
0.28187 0.28274 0.03229 0.02806 0.13684 0.28780
0.00231 0.00148 0.10595 0.72354 0.03293 0.04307
0.00000 0.00000 0.00000 0.00000 0.49688 0.36775
