initial: 6
0.00000 0.10498 0.09538 0.21021 0.00000 0.58943

transition: 6
0.20288 0.20754 0.58957 0.00000 0.00000 0.00000
0.02107 0.28718 0.50501 0.00141 0.00000 0.18533
0.49584 0.00662 0.19411 0.30343 0.00000 0.00000
0.20035 0.00041 0.00116 0.59868 0.00000 0.19940
0.00000 0.10264 0.00000 0.00000 0.50334 0.39402
0.39807 0.00005 0.00000 0.00000 0.30369 0.29820

observation: 6
0.49461 0.69653 0.30030 0.10046 0.00018 0.09927
0.00214 0.00324 0.40183 0.09897 0.10277 0.09594
0.00000 0.29807 0.19958 0.19638 0.09887 0.30137
0.50325 0.00215 0.09806 0.00000 0.00400 0.40225
0.00000 0.00000 0.00022 0.60419 0.00208 0.10117
0.00000 0.00000 0.00000 0.00000 0.79211 0.00000
