initial: 6
0.72063 0.00285 0.08941 0.18711 0.00000 0.00000

transition: 6
0.29554 0.01370 0.50154 0.00130 0.00000 0.18792
0.20109 0.20337 0.59529 0.00021 0.00004 0.00001
0.00363 0.49803 0.19689 0.30129 0.00000 0.00016
0.00030 0.20211 0.00016 0.59737 0.00000 0.20007
0.10737 0.00000 0.00000 0.00000 0.50176 0.39088
0.00086 0.39441 0.00000 0.00000 0.30486 0.29988

observation: 6
0.69487 0.49684 0.30108 0.09998 0.00056 0.09779
0.00217 0.00188 0.40023 0.09906 0.10260 0.09708
0.30289 0.00041 0.20029 0.19597 0.09785 0.30216
0.00007 0.50087 0.09817 0.00000 0.00242 0.40385
0.00000 0.00000 0.00023 0.60499 0.00291 0.09912
0.00000 0.00000 0.00000 0.00000 0.79367 0.00000
