initial: 6
0.00000 0.10377 0.09621 0.21029 0.00000 0.58974

transition: 6
0.20270 0.20448 0.59279 0.00000 0.00002 0.00000
0.01408 0.28713 0.51047 0.00044 0.00000 0.18789
0.49570 0.00600 0.19591 0.30240 0.00000 0.00000
0.20038 0.00019 0.00107 0.59877 0.00000 0.19960
0.00000 0.10212 0.00000 0.00000 0.50280 0.39508
0.39786 0.00002 0.00000 0.00000 0.30312 0.29900

observation: 6
0.49508 0.69855 0.30157 0.10047 0.00003 0.09952
0.00186 0.00205 0.40023 0.09922 0.10299 0.09592
0.00000 0.29841 0.19996 0.19643 0.09856 0.30136
0.50306 0.00099 0.09807 0.00000 0.00349 0.40218
0.00000 0.00000 0.00016 0.60389 0.00206 0.10103
0.00000 0.00000 0.00000 0.00000 0.79287 0.00000
