initial: 6
0.72085 0.00285 0.08923 0.18707 0.00000 0.00000

transition: 6
0.29553 0.01419 0.50115 0.00138 0.00000 0.18775
0.20124 0.20360 0.59488 0.00024 0.00003 0.00001
0.00370 0.49820 0.19652 0.30141 0.00000 0.00016
0.00033 0.20213 0.00016 0.59733 0.00000 0.20005
0.10737 0.00000 0.00000 0.00000 0.50185 0.39077
0.00091 0.39441 0.00000 0.00000 0.30493 0.29974

observation: 6
0.69478 0.49673 0.30096 0.09996 0.00061 0.09776
0.00224 0.00199 0.40040 0.09903 0.10259 0.09705
0.30289 0.00044 0.20030 0.19595 0.09785 0.30219
0.00009 0.50085 0.09810 0.00000 0.00251 0.40386
0.00000 0.00000 0.00024 0.60506 0.00290 0.09914
0.00000 0.00000 0.00000 0.00000 0.79355 0.00000
