initial: 6
0.72538 0.00198 0.08642 0.18623 0.00000 0.00000

transition: 6
0.29576 0.02286 0.49427 0.00281 0.00000 0.18430
0.20420 0.20825 0.58663 0.00090 0.00000 0.00001
0.00482 0.50206 0.18913 0.30369 0.00000 0.00030
0.00082 0.20274 0.00015 0.59669 0.00000 0.19960
0.10758 0.00000 0.00000 0.00000 0.50326 0.38916
0.00186 0.39455 0.00000 0.00000 0.30631 0.29728

observation: 6
0.69305 0.49474 0.29849 0.09956 0.00147 0.09704
0.00356 0.00419 0.40377 0.09834 0.10247 0.09641
0.30250 0.00081 0.20056 0.19570 0.09770 0.30299
0.00088 0.50026 0.09674 0.00000 0.00388 0.40407
0.00002 0.00000 0.00044 0.60639 0.00272 0.09949
0.00000 0.00000 0.00000 0.00000 0.79176 0.00000
