initial: 6
0.00000 0.11756 0.08589 0.20987 0.00000 0.58668

transition: 6
0.20162 0.24515 0.55321 0.00002 0.00000 0.00000
0.07390 0.29704 0.44808 0.02330 0.00000 0.15769
0.50083 0.01097 0.17667 0.31153 0.00000 0.00000
0.20060 0.00204 0.00160 0.59833 0.00000 0.19743
0.00000 0.10594 0.00000 0.00000 0.50706 0.38699
0.39943 0.00031 0.00000 0.00000 0.30818 0.29208

observation: 6
0.49094 0.67901 0.28318 0.10085 0.00282 0.09659
0.00381 0.01591 0.42111 0.09756 0.10107 0.09580
0.00002 0.29029 0.19483 0.19634 0.10120 0.30237
0.50523 0.01478 0.10031 0.00000 0.00609 0.40316
0.00000 0.00001 0.00057 0.60525 0.00200 0.10208
0.00000 0.00000 0.00000 0.00000 0.78681 0.00000
