initial: 6
0.50787 0.49213 0.00000 0.00000 0.00000 0.00000

transition: 6
0.29089 0.50480 0.00747 0.19529 0.00000 0.00154
0.00236 0.50113 0.19866 0.00002 0.00000 0.29785
0.00231 0.00041 0.20630 0.78622 0.00004 0.00472
0.00015 0.00220 0.00482 0.27453 0.51705 0.20124
0.00000 0.00000 0.00000 0.00000 0.50085 0.49915
0.60301 0.00003 0.20445 0.19251 0.00000 0.00000

observation: 6
0.00005 0.29993 0.00286 0.10039 0.29851 0.09811
0.09956 0.39663 0.00001 0.10145 0.00000 0.10050
0.40477 0.19987 0.48831 0.29552 0.30245 0.00000
0.49562 0.10358 0.50535 0.40270 0.00000 0.00000
0.00000 0.00000 0.00347 0.09993 0.00000 0.80139
0.00000 0.00000 0.00000 0.00000 0.39903 0.00000
