initial: 6
0.72317 0.00000 0.09033 0.18650 0.00000 0.00000

transition: 6
0.30832 0.01434 0.47799 0.00262 0.00000 0.19672
0.00068 0.22830 0.75964 0.01138 0.00000 0.00000
0.00203 0.51597 0.18140 0.30060 0.00000 0.00000
0.00145 0.20286 0.00002 0.59433 0.00000 0.20134
0.10506 0.00000 0.00000 0.00000 0.50887 0.38607
0.00075 0.40119 0.00000 0.00000 0.30450 0.29356

observation: 6
0.99357 0.49489 0.29301 0.09530 0.00329 0.09759
0.00253 0.00433 0.41194 0.09891 0.10470 0.09542
0.00300 0.00652 0.20247 0.80577 0.09157 0.31176
0.00090 0.49426 0.09257 0.00001 0.01374 0.39596
0.00000 0.00000 0.00000 0.00000 0.00442 0.09927
0.00000 0.00000 0.00000 0.00000 0.78228 0.00000
