initial: 6
0.00000 0.12956 0.07619 0.20957 0.00000 0.58469

transition: 6
0.19700 0.29223 0.51074 0.00003 0.00000 0.00000
0.11144 0.31452 0.39140 0.05005 0.00000 0.13259
0.50839 0.01448 0.15912 0.31801 0.00000 0.00000
0.20055 0.00357 0.00196 0.59800 0.00000 0.19592
0.00001 0.10775 0.00000 0.00000 0.51014 0.38210
0.40043 0.00064 0.00000 0.00000 0.31182 0.28712

observation: 6
0.48759 0.66282 0.25978 0.10131 0.00511 0.09523
0.00479 0.02894 0.44603 0.09673 0.09992 0.09516
0.00004 0.27803 0.18964 0.19633 0.10320 0.30402
0.50758 0.03019 0.10364 0.00000 0.00757 0.40295
0.00001 0.00002 0.00091 0.60564 0.00200 0.10264
0.00000 0.00000 0.00000 0.00000 0.78220 0.00000
