initial: 6
0.72615 0.00168 0.08611 0.18607 0.00000 0.00000

transition: 6
0.29585 0.02418 0.49320 0.00302 0.00000 0.18374
0.20467 0.20908 0.58521 0.00103 0.00000 0.00001
0.00498 0.50276 0.18786 0.30409 0.00000 0.00031
0.00090 0.20285 0.00015 0.59659 0.00000 0.19951
0.10761 0.00000 0.00000 0.00000 0.50345 0.38894
0.00200 0.39456 0.00000 0.00000 0.30653 0.29691

observation: 6
0.69276 0.49443 0.29806 0.09949 0.00160 0.09693
0.00378 0.00456 0.40434 0.09823 0.10246 0.09630
0.30240 0.00087 0.20063 0.19567 0.09766 0.30313
0.00104 0.50013 0.09650 0.00000 0.00405 0.40410
0.00002 0.00000 0.00048 0.60660 0.00270 0.09954
0.00000 0.00000 0.00000 0.00000 0.79153 0.00000
