initial: 6
0.75005 0.00855 0.09979 0.14161 0.00000 0.00000

transition: 6
0.40753 0.41156 0.12632 0.00535 0.02164 0.02761
0.18290 0.58086 0.21382 0.01689 0.00165 0.00388
0.19031 0.14673 0.04825 0.58798 0.00495 0.02178
0.20361 0.11485 0.06465 0.47498 0.02012 0.12180
0.07458 0.01793 0.00046 0.00109 0.62636 0.27957
0.34754 0.05829 0.00084 0.00006 0.26135 0.33191

observation: 6
0.48721 0.42271 0.27325 0.04245 0.02834 0.03467
0.04923 0.19516 0.39429 0.02221 0.11420 0.06037
0.22800 0.06874 0.25541 0.15187 0.17026 0.22706
0.23269 0.31198 0.01167 0.01978 0.06722 0.43150
0.00286 0.00141 0.06538 0.76369 0.01890 0.07649
0.00000 0.00000 0.00000 0.00000 0.60107 0.16992
