initial: 6
0.86026 0.00000 0.00068 0.13906 0.00000 0.00000

transition: 6
0.28032 0.43283 0.17056 0.07824 0.00386 0.03419
0.13013 0.59301 0.24357 0.03201 0.00016 0.00111
0.17414 0.17954 0.16587 0.44088 0.00091 0.03866
0.08880 0.06320 0.03676 0.52696 0.03659 0.24769
0.11842 0.00634 0.00035 0.00080 0.69508 0.17899
0.24867 0.35333 0.01522 0.00025 0.24710 0.13545

observation: 6
0.82123 0.28806 0.21564 0.06634 0.03583 0.07205
0.06360 0.23689 0.34207 0.04235 0.11966 0.02238
0.07248 0.07582 0.35709 0.88121 0.17090 0.16119
0.04268 0.39923 0.08520 0.01004 0.07802 0.65244
0.00001 0.00000 0.00000 0.00005 0.03654 0.08971
0.00000 0.00000 0.00000 0.00000 0.55904 0.00223
