initial: 6
0.00000 0.10420 0.09591 0.21026 0.00000 0.58964

transition: 6
0.20278 0.20558 0.59164 0.00000 0.00001 0.00000
0.01668 0.28711 0.50848 0.00074 0.00000 0.18699
0.49573 0.00623 0.19525 0.30278 0.00000 0.00000
0.20036 0.00027 0.00111 0.59873 0.00000 0.19953
0.00000 0.10231 0.00000 0.00000 0.50300 0.39468
0.39793 0.00003 0.00000 0.00000 0.30333 0.29872

observation: 6
0.49491 0.69781 0.30112 0.10046 0.00007 0.09945
0.00196 0.00248 0.40081 0.09912 0.10291 0.09592
0.00000 0.29831 0.19983 0.19641 0.09868 0.30135
0.50313 0.00140 0.09806 0.00000 0.00370 0.40220
0.00000 0.00000 0.00019 0.60400 0.00207 0.10108
0.00000 0.00000 0.00000 0.00000 0.79258 0.00000
