initial: 6
0.71874 0.00263 0.09119 0.18744 0.00000 0.00000

transition: 6
0.29575 0.00951 0.50505 0.00061 0.00000 0.18908
0.19948 0.20179 0.59840 0.00003 0.00028 0.00001
0.00291 0.49677 0.20002 0.30024 0.00000 0.00006
0.00008 0.20208 0.00029 0.59756 0.00000 0.19999
0.10738 0.00000 0.00000 0.00000 0.50077 0.39185
0.00037 0.39462 0.00000 0.00000 0.30424 0.30077

observation: 6
0.69562 0.49782 0.30206 0.10013 0.00014 0.09754
0.00147 0.00094 0.39881 0.09931 0.10272 0.09737
0.30290 0.00022 0.20036 0.19614 0.09779 0.30223
0.00000 0.50101 0.09864 0.00000 0.00141 0.40377
0.00000 0.00000 0.00013 0.60442 0.00293 0.09909
0.00000 0.00000 0.00000 0.00000 0.79501 0.00000
