initial: 6
0.48751 0.51249 0.00000 0.00000 0.00000 0.00000

transition: 6
0.26141 0.40408 0.01974 0.31113 0.00136 0.00227
0.01160 0.50327 0.20499 0.00095 0.00069 0.27850
0.01736 0.00525 0.21103 0.76037 0.00223 0.00377
0.00105 0.01185 0.01268 0.24097 0.53059 0.20286
0.00000 0.00000 0.00000 0.00000 0.50118 0.49882
0.79283 0.00034 0.02640 0.18042 0.00001 0.00000

observation: 6
0.00022 0.29727 0.01259 0.10158 0.29841 0.09661
0.07833 0.40149 0.00189 0.09861 0.00000 0.09871
0.42162 0.19717 0.46091 0.29545 0.30252 0.00000
0.49983 0.10407 0.47303 0.40433 0.00000 0.00000
0.00000 0.00000 0.05158 0.10002 0.00001 0.80468
0.00000 0.00000 0.00000 0.00000 0.39905 0.00000
