initial: 6
0.00005 0.15587 0.05719 0.20873 0.00000 0.57816

transition: 6
0.16681 0.44566 0.38720 0.00012 0.00003 0.00018
0.14762 0.39627 0.27945 0.09174 0.00000 0.08492
0.53686 0.02315 0.09997 0.33995 0.00003 0.00003
0.19725 0.01112 0.00452 0.59460 0.00004 0.19246
0.00056 0.11089 0.00000 0.00000 0.52074 0.36782
0.40206 0.00385 0.00000 0.00000 0.32372 0.27037

observation: 6
0.47173 0.60968 0.18868 0.10078 0.01015 0.09527
0.00765 0.07091 0.52311 0.09417 0.09843 0.08992
0.00043 0.22877 0.18693 0.19446 0.10805 0.31224
0.52014 0.09059 0.09791 0.00000 0.01401 0.39851
0.00005 0.00005 0.00337 0.61059 0.00287 0.10406
0.00000 0.00000 0.00000 0.00000 0.76649 0.00000
