initial: 6
0.75887 0.00000 0.06092 0.18021 0.00000 0.00000

transition: 6
0.30069 0.10020 0.43422 0.00840 0.00000 0.15649
0.22418 0.29220 0.46820 0.01538 0.00000 0.00003
0.01518 0.57365 0.06184 0.34653 0.00013 0.00267
0.00734 0.20785 0.00156 0.58759 0.00007 0.19559
0.10723 0.00002 0.00000 0.00000 0.51826 0.37449
0.01664 0.39359 0.00000 0.00000 0.31805 0.27173

observation: 6
0.67474 0.46898 0.26747 0.09376 0.00667 0.09454
0.01834 0.04104 0.44822 0.09250 0.10645 0.08257
0.30049 0.00481 0.21399 0.19432 0.09944 0.30803
0.00616 0.48509 0.06556 0.00000 0.01142 0.41367
0.00027 0.00008 0.00475 0.61942 0.00388 0.10118
0.00000 0.00000 0.00000 0.00000 0.77214 0.00000
