initial: 6
0.71960 0.00036 0.09200 0.18804 0.00000 0.00000

transition: 6
0.30859 0.00198 0.49216 0.00055 0.00000 0.19672
0.00077 0.20188 0.79530 0.00205 0.00000 0.00000
0.00059 0.50045 0.20035 0.29861 0.00000 0.00000
0.00006 0.20166 0.00001 0.59748 0.00000 0.20079
0.10491 0.00000 0.00000 0.00000 0.49979 0.39530
0.00010 0.39562 0.00000 0.00000 0.30112 0.30317

observation: 6
0.99554 0.49816 0.29760 0.09808 0.00074 0.09887
0.00231 0.00036 0.40074 0.09963 0.10427 0.09730
0.00215 0.00254 0.20052 0.80229 0.09108 0.30926
0.00000 0.49893 0.10107 0.00000 0.00593 0.39564
0.00000 0.00000 0.00007 0.00000 0.00264 0.09893
0.00000 0.00000 0.00000 0.00000 0.79535 0.00000
