initial: 6
0.00000 0.10534 0.09514 0.21019 0.00000 0.58933

transition: 6
0.20292 0.20845 0.58863 0.00000 0.00000 0.00000
0.02297 0.28725 0.50345 0.00176 0.00000 0.18457
0.49590 0.00679 0.19360 0.30371 0.00000 0.00000
0.20035 0.00047 0.00118 0.59866 0.00000 0.19934
0.00000 0.10278 0.00000 0.00000 0.50349 0.39374
0.39813 0.00006 0.00000 0.00000 0.30385 0.29797

observation: 6
0.49448 0.69597 0.29992 0.10046 0.00024 0.09918
0.00221 0.00359 0.40230 0.09891 0.10271 0.09594
0.00000 0.29795 0.19947 0.19637 0.09895 0.30139
0.50330 0.00249 0.09807 0.00000 0.00412 0.40228
0.00000 0.00000 0.00024 0.60426 0.00208 0.10121
0.00000 0.00000 0.00000 0.00000 0.79191 0.00000
