initial: 6
0.71964 0.00017 0.09229 0.18790 0.00000 0.00000

transition: 6
0.30847 0.00278 0.49104 0.00080 0.00000 0.19691
0.00070 0.20310 0.79330 0.00291 0.00000 0.00000
0.00077 0.50141 0.19915 0.29867 0.00000 0.00000
0.00014 0.20157 0.00001 0.59725 0.00000 0.20103
0.10489 0.00000 0.00000 0.00000 0.50089 0.39422
0.00015 0.39623 0.00000 0.00000 0.30111 0.30251

observation: 6
0.99560 0.49787 0.29751 0.09803 0.00102 0.09882
0.00222 0.00062 0.40147 0.09956 0.10434 0.09714
0.00218 0.00294 0.20029 0.80241 0.09125 0.30944
0.00000 0.49857 0.10074 0.00000 0.00685 0.39559
0.00000 0.00000 0.00000 0.00000 0.00285 0.09901
0.00000 0.00000 0.00000 0.00000 0.79369 0.00000
