initial: 6
0.71984 0.00006 0.09238 0.18772 0.00000 0.00000

transition: 6
0.30834 0.00390 0.48977 0.00108 0.00000 0.19692
0.00063 0.20517 0.79025 0.00395 0.00000 0.00000
0.00094 0.50286 0.19752 0.29868 0.00000 0.00000
0.00026 0.20169 0.00001 0.59693 0.00000 0.20110
0.10488 0.00000 0.00000 0.00000 0.50204 0.39308
0.00021 0.39695 0.00000 0.00000 0.30154 0.30130

observation: 6
0.99555 0.49750 0.29726 0.09776 0.00133 0.09869
0.00217 0.00098 0.40242 0.09947 0.10439 0.09695
0.00225 0.00341 0.20021 0.80277 0.09134 0.30972
0.00003 0.49811 0.10011 0.00000 0.00784 0.39562
0.00000 0.00000 0.00000 0.00000 0.00308 0.09902
0.00000 0.00000 0.00000 0.00000 0.79202 0.00000
