initial: 6
0.00017 0.15998 0.05527 0.20804 0.00000 0.57653

transition: 6
0.16021 0.47733 0.36170 0.00017 0.00010 0.00048
0.14534 0.41665 0.26712 0.09293 0.00000 0.07796
0.54460 0.02643 0.08059 0.34814 0.00013 0.00011
0.19590 0.01361 0.00618 0.59273 0.00011 0.19147
0.00122 0.11098 0.00000 0.00000 0.52386 0.36394
0.40168 0.00565 0.00000 0.00000 0.32740 0.26527

observation: 6
0.46629 0.59634 0.17841 0.09983 0.01123 0.09561
0.00829 0.08244 0.53448 0.09324 0.09841 0.08780
0.00085 0.21739 0.19151 0.19338 0.10886 0.31508
0.52449 0.10376 0.09061 0.00000 0.01619 0.39717
0.00009 0.00006 0.00499 0.61356 0.00333 0.10434
0.00000 0.00000 0.00000 0.00000 0.76199 0.00000
