initial: 6
0.76498 0.00000 0.05798 0.17705 0.00000 0.00000

transition: 6
0.28660 0.11774 0.41246 0.02087 0.00000 0.16232
0.01026 0.37094 0.58239 0.03641 0.00000 0.00000
0.02784 0.58112 0.06734 0.32351 0.00000 0.00019
0.02172 0.19076 0.00029 0.57683 0.00023 0.21017
0.10780 0.00000 0.00000 0.00000 0.56336 0.32884
0.01711 0.42708 0.00015 0.00000 0.32294 0.23273

observation: 6
0.96163 0.45640 0.25991 0.07672 0.01476 0.09147
0.01416 0.03708 0.47137 0.09428 0.10872 0.08081
0.01398 0.02610 0.23635 0.82852 0.10405 0.32225
0.01024 0.48042 0.03237 0.00047 0.04962 0.40697
0.00000 0.00000 0.00000 0.00000 0.01556 0.09850
0.00000 0.00000 0.00000 0.00000 0.70729 0.00000
