initial: 6
0.71960 0.00048 0.09177 0.18815 0.00000 0.00000

transition: 6
0.30871 0.00153 0.49269 0.00038 0.00000 0.19669
0.00080 0.20122 0.79648 0.00150 0.00000 0.00000
0.00046 0.49987 0.20097 0.29870 0.00000 0.00000
0.00003 0.20163 0.00001 0.59762 0.00000 0.20071
0.10493 0.00000 0.00000 0.00000 0.49903 0.39604
0.00006 0.39516 0.00000 0.00000 0.30092 0.30386

observation: 6
0.99547 0.49837 0.29764 0.09820 0.00054 0.09892
0.00240 0.00021 0.40035 0.09968 0.10424 0.09739
0.00213 0.00228 0.20069 0.80211 0.09099 0.30910
0.00000 0.49913 0.10125 0.00000 0.00526 0.39568
0.00000 0.00001 0.00008 0.00000 0.00250 0.09891
0.00000 0.00000 0.00000 0.00000 0.79648 0.00000
