initial: 6
0.72053 0.00285 0.08949 0.18713 0.00000 0.00000

transition: 6
0.29555 0.01349 0.50170 0.00127 0.00000 0.18799
0.20102 0.20328 0.59546 0.00020 0.00004 0.00001
0.00360 0.49796 0.19705 0.30124 0.00000 0.00015
0.00029 0.20210 0.00016 0.59738 0.00000 0.20007
0.10736 0.00000 0.00000 0.00000 0.50172 0.39092
0.00083 0.39441 0.00000 0.00000 0.30482 0.29993

observation: 6
0.69491 0.49688 0.30113 0.09999 0.00053 0.09780
0.00213 0.00183 0.40016 0.09908 0.10261 0.09709
0.30289 0.00040 0.20029 0.19598 0.09785 0.30215
0.00006 0.50088 0.09820 0.00000 0.00237 0.40384
0.00000 0.00000 0.00022 0.60496 0.00291 0.09912
0.00000 0.00000 0.00000 0.00000 0.79372 0.00000
