initial: 6
0.00000 0.10812 0.09319 0.21008 0.00000 0.58861

transition: 6
0.20300 0.21582 0.58118 0.00001 0.00000 0.00000
0.03650 0.28844 0.49123 0.00532 0.00000 0.17852
0.49664 0.00792 0.18969 0.30575 0.00000 0.00000
0.20038 0.00090 0.00132 0.59853 0.00000 0.19887
0.00000 0.10372 0.00000 0.00000 0.50448 0.39179
0.39852 0.00012 0.00000 0.00000 0.30499 0.29637

observation: 6
0.49357 0.69177 0.29675 0.10050 0.00083 0.09847
0.00271 0.00633 0.40607 0.09849 0.10227 0.09596
0.00001 0.29672 0.19854 0.19633 0.09953 0.30155
0.50372 0.00517 0.09832 0.00000 0.00478 0.40255
0.00000 0.00000 0.00033 0.60468 0.00207 0.10148
0.00000 0.00000 0.00000 0.00000 0.79052 0.00000
