initial: 6
0.50527 0.49473 0.00000 0.00000 0.00000 0.00000

transition: 6
0.28826 0.48585 0.00784 0.21588 0.00002 0.00215
0.00381 0.50164 0.19862 0.00005 0.00000 0.29588
0.00327 0.00064 0.21086 0.78149 0.00011 0.00363
0.00022 0.00341 0.00557 0.26360 0.52343 0.20377
0.00000 0.00000 0.00000 0.00000 0.50093 0.49907
0.63011 0.00007 0.18039 0.18943 0.00000 0.00000

observation: 6
0.00006 0.29959 0.00476 0.10071 0.29831 0.09781
0.09624 0.39716 0.00002 0.10087 0.00000 0.10019
0.40712 0.19945 0.48644 0.29542 0.30262 0.00000
0.49658 0.10380 0.50188 0.40314 0.00000 0.00000
0.00000 0.00000 0.00691 0.09986 0.00000 0.80200
0.00000 0.00000 0.00000 0.00000 0.39907 0.00000
