initial: 6
0.00000 0.13335 0.07317 0.20948 0.00000 0.58400

transition: 6
0.19468 0.30968 0.49560 0.00004 0.00000 0.00000
0.12118 0.32182 0.37363 0.05826 0.00000 0.12511
0.51130 0.01555 0.15305 0.32010 0.00000 0.00000
0.20041 0.00417 0.00210 0.59783 0.00000 0.19548
0.00001 0.10823 0.00000 0.00000 0.51122 0.38054
0.40076 0.00080 0.00000 0.00000 0.31304 0.28541

observation: 6
0.48635 0.65715 0.25090 0.10142 0.00581 0.09497
0.00508 0.03345 0.45544 0.09648 0.09963 0.09482
0.00006 0.27307 0.18807 0.19628 0.10384 0.30472
0.50851 0.03631 0.10454 0.00000 0.00813 0.40267
0.00001 0.00002 0.00105 0.60582 0.00203 0.10281
0.00000 0.00000 0.00000 0.00000 0.78056 0.00000
