initial: 6
0.72445 0.00000 0.08944 0.18611 0.00000 0.00000

transition: 6
0.30842 0.01781 0.47416 0.00300 0.00000 0.19661
0.00075 0.23627 0.74958 0.01340 0.00000 0.00000
0.00235 0.52000 0.17623 0.30142 0.00000 0.00000
0.00184 0.20318 0.00002 0.59354 0.00001 0.20143
0.10514 0.00000 0.00000 0.00000 0.51070 0.38416
0.00093 0.40228 0.00000 0.00000 0.30535 0.29144

observation: 6
0.99273 0.49413 0.29138 0.09453 0.00379 0.09728
0.00273 0.00541 0.41513 0.09874 0.10479 0.09497
0.00326 0.00737 0.20365 0.80670 0.09167 0.31230
0.00127 0.49309 0.08984 0.00002 0.01527 0.39609
0.00000 0.00000 0.00000 0.00000 0.00478 0.09935
0.00000 0.00000 0.00000 0.00000 0.77970 0.00000
