initial: 6
0.00000 0.10383 0.09616 0.21028 0.00000 0.58972

transition: 6
0.20272 0.20466 0.59261 0.00000 0.00001 0.00000
0.01449 0.28712 0.51015 0.00048 0.00000 0.18775
0.49570 0.00604 0.19580 0.30246 0.00000 0.00000
0.20037 0.00020 0.00108 0.59876 0.00000 0.19959
0.00000 0.10215 0.00000 0.00000 0.50283 0.39501
0.39787 0.00002 0.00000 0.00000 0.30315 0.29896

observation: 6
0.49505 0.69843 0.30150 0.10047 0.00003 0.09951
0.00187 0.00212 0.40032 0.09920 0.10298 0.09592
0.00000 0.29840 0.19994 0.19642 0.09858 0.30135
0.50307 0.00105 0.09807 0.00000 0.00352 0.40218
0.00000 0.00000 0.00017 0.60391 0.00206 0.10104
0.00000 0.00000 0.00000 0.00000 0.79282 0.00000
