initial: 6
0.00000 0.10660 0.09427 0.21013 0.00000 0.58900

transition: 6
0.20299 0.21172 0.58528 0.00000 0.00000 0.00000
0.02936 0.28767 0.49792 0.00321 0.00000 0.18184
0.49619 0.00733 0.19181 0.30467 0.00000 0.00000
0.20036 0.00068 0.00125 0.59859 0.00000 0.19913
0.00000 0.10323 0.00000 0.00000 0.50397 0.39280
0.39832 0.00009 0.00000 0.00000 0.30439 0.29721

observation: 6
0.49405 0.69402 0.29853 0.10047 0.00049 0.09886
0.00245 0.00483 0.40398 0.09870 0.10250 0.09595
0.00001 0.29744 0.19906 0.19635 0.09922 0.30146
0.50349 0.00371 0.09815 0.00000 0.00446 0.40240
0.00000 0.00000 0.00028 0.60448 0.00208 0.10134
0.00000 0.00000 0.00000 0.00000 0.79125 0.00000
