initial: 6
0.71961 0.00022 0.09222 0.18795 0.00000 0.00000

transition: 6
0.30851 0.00253 0.49133 0.00072 0.00000 0.19690
0.00072 0.20267 0.79395 0.00266 0.00000 0.00000
0.00072 0.50110 0.19950 0.29868 0.00000 0.00000
0.00012 0.20155 0.00001 0.59732 0.00000 0.20100
0.10489 0.00000 0.00000 0.00000 0.50059 0.39452
0.00013 0.39605 0.00000 0.00000 0.30102 0.30280

observation: 6
0.99559 0.49795 0.29755 0.09809 0.00094 0.09884
0.00224 0.00054 0.40126 0.09958 0.10433 0.09719
0.00217 0.00283 0.20033 0.80233 0.09122 0.30937
0.00000 0.49868 0.10086 0.00000 0.00660 0.39559
0.00000 0.00000 0.00000 0.00000 0.00279 0.09901
0.00000 0.00000 0.00000 0.00000 0.79413 0.00000
