initial: 6
0.83611 0.04690 0.01921 0.09738 0.00033 0.00007

transition: 6
0.42044 0.42105 0.08192 0.05419 0.00601 0.01639
0.16303 0.48337 0.27885 0.05698 0.00404 0.01373
0.15442 0.14570 0.34322 0.31501 0.01187 0.02978
0.11728 0.10841 0.12003 0.50536 0.09453 0.05439
0.05188 0.02999 0.01308 0.01372 0.67823 0.21310
0.40021 0.10133 0.04014 0.02694 0.15012 0.28126

observation: 6
0.61267 0.36575 0.16788 0.07019 0.03334 0.12200
0.12162 0.24630 0.20873 0.07337 0.08035 0.08523
0.07754 0.10372 0.41223 0.74544 0.19894 0.16479
0.18744 0.28407 0.21098 0.10883 0.12933 0.45149
0.00073 0.00016 0.00019 0.00216 0.06338 0.07967
0.00000 0.00000 0.00000 0.00001 0.49465 0.09682
