initial: 6
0.57869 0.14642 0.11353 0.16052 0.00075 0.00010

transition: 6
0.48541 0.41719 0.05733 0.02262 0.00654 0.01090
0.20227 0.51524 0.22844 0.03899 0.00546 0.00959
0.17719 0.13102 0.27966 0.36957 0.01877 0.02379
0.15721 0.10100 0.08397 0.54081 0.08310 0.03389
0.05008 0.03116 0.01354 0.01107 0.54538 0.34878
0.26217 0.05844 0.01603 0.00584 0.19569 0.46182

observation: 6
0.47158 0.44877 0.22053 0.06820 0.02884 0.05532
0.09244 0.18710 0.27138 0.06586 0.08166 0.07807
0.16286 0.10853 0.22407 0.17510 0.22883 0.18997
0.27033 0.25202 0.11316 0.05512 0.15140 0.29829
0.00279 0.00357 0.17086 0.63571 0.05682 0.01365
0.00000 0.00000 0.00000 0.00001 0.45245 0.36469
