initial: 6
0.50756 0.49244 0.00000 0.00000 0.00000 0.00000

transition: 6
0.29042 0.50151 0.00752 0.19876 0.00000 0.00178
0.00279 0.50107 0.19865 0.00002 0.00000 0.29747
0.00253 0.00046 0.20777 0.78483 0.00006 0.00434
0.00017 0.00252 0.00502 0.27157 0.51880 0.20191
0.00000 0.00000 0.00000 0.00000 0.50088 0.49912
0.60752 0.00004 0.20079 0.19165 0.00000 0.00000

observation: 6
0.00005 0.29991 0.00334 0.10049 0.29844 0.09803
0.09905 0.39672 0.00001 0.10136 0.00000 0.10043
0.40514 0.19979 0.48774 0.29545 0.30251 0.00000
0.49576 0.10359 0.50468 0.40278 0.00000 0.00000
0.00000 0.00000 0.00424 0.09992 0.00000 0.80154
0.00000 0.00000 0.00000 0.00000 0.39905 0.00000
