initial: 6
0.00000 0.10613 0.09460 0.21015 0.00000 0.58912

transition: 6
0.20298 0.21049 0.58653 0.00000 0.00000 0.00000
0.02705 0.28748 0.49997 0.00264 0.00000 0.18286
0.49607 0.00714 0.19247 0.30432 0.00000 0.00000
0.20035 0.00060 0.00123 0.59861 0.00000 0.19921
0.00000 0.10307 0.00000 0.00000 0.50380 0.39314
0.39825 0.00008 0.00000 0.00000 0.30419 0.29748

observation: 6
0.49420 0.69473 0.29905 0.10046 0.00040 0.09898
0.00237 0.00437 0.40335 0.09877 0.10258 0.09595
0.00001 0.29764 0.19921 0.19636 0.09912 0.30143
0.50342 0.00326 0.09812 0.00000 0.00434 0.40235
0.00000 0.00000 0.00027 0.60441 0.00208 0.10129
0.00000 0.00000 0.00000 0.00000 0.79148 0.00000
