initial: 6
0.72595 0.00000 0.08838 0.18567 0.00000 0.00000

transition: 6
0.30852 0.02174 0.46986 0.00343 0.00000 0.19645
0.00083 0.24520 0.73845 0.01552 0.00000 0.00000
0.00272 0.52437 0.17054 0.30236 0.00000 0.00000
0.00229 0.20348 0.00002 0.59265 0.00001 0.20155
0.10524 0.00000 0.00000 0.00000 0.51270 0.38206
0.00115 0.40346 0.00000 0.00000 0.30628 0.28910

observation: 6
0.99173 0.49326 0.28951 0.09367 0.00432 0.09696
0.00299 0.00663 0.41869 0.09855 0.10490 0.09448
0.00357 0.00829 0.20509 0.80775 0.09183 0.31286
0.00171 0.49183 0.08670 0.00002 0.01692 0.39626
0.00000 0.00000 0.00000 0.00000 0.00518 0.09944
0.00000 0.00000 0.00000 0.00000 0.77685 0.00000
