initial: 6
0.50404 0.49596 0.00000 0.00000 0.00000 0.00000

transition: 6
0.28719 0.47900 0.00804 0.22353 0.00003 0.00221
0.00411 0.50203 0.19862 0.00006 0.00000 0.29517
0.00357 0.00071 0.21163 0.78048 0.00013 0.00347
0.00024 0.00373 0.00577 0.26108 0.52486 0.20433
0.00000 0.00000 0.00000 0.00000 0.50093 0.49907
0.64065 0.00008 0.17053 0.18874 0.00000 0.00000

observation: 6
0.00007 0.29939 0.00528 0.10079 0.29829 0.09773
0.09491 0.39734 0.00002 0.10065 0.00000 0.10009
0.40807 0.19933 0.48596 0.29546 0.30264 0.00000
0.49695 0.10395 0.50065 0.40328 0.00000 0.00000
0.00000 0.00000 0.00809 0.09982 0.00000 0.80217
0.00000 0.00000 0.00000 0.00000 0.39908 0.00000
