initial: 6
0.48753 0.51247 0.00000 0.00000 0.00000 0.00000

transition: 6
0.25838 0.40273 0.02179 0.31299 0.00177 0.00235
0.01299 0.50217 0.20594 0.00121 0.00101 0.27669
0.02079 0.00629 0.20641 0.75969 0.00285 0.00397
0.00124 0.01325 0.01388 0.24077 0.52954 0.20131
0.00000 0.00000 0.00000 0.00000 0.50130 0.49869
0.79846 0.00037 0.02190 0.17925 0.00002 0.00000

observation: 6
0.00024 0.29745 0.01344 0.10115 0.29855 0.09636
0.07784 0.40203 0.00251 0.09832 0.00000 0.09846
0.42202 0.19690 0.45777 0.29544 0.30248 0.00000
0.49990 0.10362 0.46939 0.40491 0.00000 0.00000
0.00000 0.00000 0.05690 0.10019 0.00003 0.80517
0.00000 0.00000 0.00000 0.00000 0.39894 0.00000
