initial: 6
0.77305 0.00000 0.06412 0.16284 0.00000 0.00000

transition: 6
0.30707 0.19660 0.36210 0.00681 0.00067 0.12674
0.22878 0.38048 0.36079 0.02980 0.00001 0.00014
0.03596 0.58162 0.00514 0.35706 0.00121 0.01902
0.03066 0.17444 0.03689 0.54913 0.00090 0.20798
0.10420 0.00080 0.00000 0.00000 0.54955 0.34544
0.07868 0.35591 0.00001 0.00000 0.32719 0.23820

observation: 6
0.69058 0.42564 0.23222 0.07730 0.01483 0.08864
0.01721 0.07647 0.49482 0.06009 0.10813 0.07414
0.27813 0.01560 0.24212 0.18149 0.12198 0.29050
0.01222 0.48110 0.00760 0.00001 0.01703 0.44544
0.00186 0.00119 0.02325 0.68110 0.00956 0.10104
0.00000 0.00000 0.00000 0.00000 0.72847 0.00024
