initial: 6
0.78258 0.00000 0.05031 0.16711 0.00000 0.00000

transition: 6
0.24073 0.20283 0.40350 0.04809 0.00012 0.10471
0.05005 0.39022 0.52396 0.03576 0.00000 0.00000
0.08223 0.56867 0.01775 0.32950 0.00000 0.00184
0.05247 0.14188 0.00173 0.56719 0.00156 0.23517
0.10693 0.00006 0.00000 0.00000 0.61131 0.28169
0.05646 0.43927 0.00281 0.00000 0.32288 0.17857

observation: 6
0.94686 0.39696 0.23736 0.06633 0.02356 0.09002
0.01693 0.05806 0.49518 0.08968 0.11120 0.06978
0.02355 0.04305 0.25293 0.84217 0.11762 0.32803
0.01267 0.50193 0.01454 0.00182 0.07481 0.41940
0.00000 0.00000 0.00000 0.00000 0.02531 0.09276
0.00000 0.00000 0.00000 0.00000 0.64749 0.00000
