initial: 6
0.00000 0.10386 0.09614 0.21028 0.00000 0.58972

transition: 6
0.20272 0.20472 0.59255 0.00000 0.00001 0.00000
0.01465 0.28712 0.51003 0.00050 0.00000 0.18770
0.49570 0.00605 0.19576 0.30248 0.00000 0.00000
0.20037 0.00020 0.00108 0.59876 0.00000 0.19958
0.00000 0.10217 0.00000 0.00000 0.50284 0.39499
0.39787 0.00002 0.00000 0.00000 0.30316 0.29894

observation: 6
0.49504 0.69838 0.30148 0.10047 0.00003 0.09951
0.00188 0.00214 0.40036 0.09920 0.10297 0.09592
0.00000 0.29839 0.19993 0.19642 0.09859 0.30135
0.50308 0.00108 0.09807 0.00000 0.00354 0.40219
0.00000 0.00000 0.00017 0.60391 0.00206 0.10104
0.00000 0.00000 0.00000 0.00000 0.79281 0.00000
