initial: 6
0.71960 0.00047 0.09179 0.18814 0.00000 0.00000

transition: 6
0.30869 0.00159 0.49262 0.00040 0.00000 0.19670
0.00079 0.20131 0.79634 0.00157 0.00000 0.00000
0.00047 0.49994 0.20090 0.29869 0.00000 0.00000
0.00003 0.20163 0.00001 0.59761 0.00000 0.20072
0.10493 0.00000 0.00000 0.00000 0.49913 0.39594
0.00007 0.39522 0.00000 0.00000 0.30095 0.30377

observation: 6
0.99548 0.49835 0.29763 0.09819 0.00057 0.09891
0.00239 0.00023 0.40039 0.09968 0.10424 0.09738
0.00213 0.00231 0.20067 0.80214 0.09100 0.30912
0.00000 0.49910 0.10123 0.00000 0.00534 0.39567
0.00000 0.00000 0.00008 0.00000 0.00252 0.09892
0.00000 0.00000 0.00000 0.00000 0.79633 0.00000
