initial: 6
0.71960 0.00048 0.09178 0.18814 0.00000 0.00000

transition: 6
0.30870 0.00155 0.49267 0.00039 0.00000 0.19670
0.00079 0.20125 0.79643 0.00152 0.00000 0.00000
0.00046 0.49989 0.20095 0.29870 0.00000 0.00000
0.00003 0.20163 0.00001 0.59762 0.00000 0.20071
0.10493 0.00000 0.00000 0.00000 0.49907 0.39600
0.00006 0.39518 0.00000 0.00000 0.30093 0.30383

observation: 6
0.99547 0.49837 0.29763 0.09820 0.00055 0.09891
0.00240 0.00022 0.40036 0.09968 0.10424 0.09738
0.00213 0.00229 0.20069 0.80212 0.09099 0.30911
0.00000 0.49912 0.10124 0.00000 0.00529 0.39568
0.00000 0.00001 0.00008 0.00000 0.00250 0.09891
0.00000 0.00000 0.00000 0.00000 0.79643 0.00000
