initial: 6
0.49632 0.50368 0.00000 0.00000 0.00000 0.00000

transition: 6
0.28005 0.44349 0.00981 0.26427 0.00013 0.00226
0.00563 0.50429 0.19933 0.00014 0.00002 0.29058
0.00552 0.00130 0.21504 0.77475 0.00031 0.00308
0.00036 0.00549 0.00694 0.25108 0.53002 0.20610
0.00000 0.00000 0.00000 0.00000 0.50089 0.49911
0.70232 0.00015 0.11171 0.18582 0.00000 0.00000

observation: 6
0.00011 0.29807 0.00798 0.10133 0.29821 0.09740
0.08755 0.39832 0.00010 0.09971 0.00000 0.09965
0.41378 0.19874 0.48137 0.29582 0.30260 0.00000
0.49856 0.10487 0.49322 0.40360 0.00000 0.00000
0.00000 0.00000 0.01732 0.09955 0.00000 0.80295
0.00000 0.00000 0.00000 0.00000 0.39918 0.00000
