initial: 6
0.00000 0.10377 0.09620 0.21028 0.00000 0.58974

transition: 6
0.20271 0.20451 0.59277 0.00000 0.00002 0.00000
0.01413 0.28713 0.51042 0.00044 0.00000 0.18787
0.49570 0.00601 0.19589 0.30241 0.00000 0.00000
0.20038 0.00019 0.00107 0.59877 0.00000 0.19959
0.00000 0.10213 0.00000 0.00000 0.50280 0.39507
0.39786 0.00002 0.00000 0.00000 0.30312 0.29900

observation: 6
0.49508 0.69853 0.30156 0.10047 0.00003 0.09951
0.00186 0.00206 0.40024 0.09921 0.10299 0.09592
0.00000 0.29841 0.19996 0.19643 0.09857 0.30136
0.50306 0.00100 0.09807 0.00000 0.00349 0.40218
0.00000 0.00000 0.00016 0.60389 0.00206 0.10103
0.00000 0.00000 0.00000 0.00000 0.79286 0.00000
