initial: 6
0.72141 0.00000 0.09153 0.18706 0.00000 0.00000

transition: 6
0.30822 0.00935 0.48358 0.00200 0.00000 0.19685
0.00061 0.21684 0.77439 0.00816 0.00000 0.00000
0.00155 0.50985 0.18911 0.29949 0.00000 0.00000
0.00088 0.20232 0.00001 0.59553 0.00000 0.20125
0.10495 0.00000 0.00000 0.00000 0.50602 0.38903
0.00049 0.39945 0.00000 0.00000 0.30320 0.29686

observation: 6
0.99468 0.49604 0.29526 0.09645 0.00248 0.09808
0.00229 0.00274 0.40733 0.09915 0.10456 0.09611
0.00263 0.00519 0.20103 0.80440 0.09148 0.31088
0.00040 0.49603 0.09639 0.00001 0.01130 0.39579
0.00000 0.00000 0.00000 0.00000 0.00387 0.09914
0.00000 0.00000 0.00000 0.00000 0.78632 0.00000
