initial: 6
0.00000 0.12202 0.08228 0.20976 0.00000 0.58594

transition: 6
0.20030 0.26133 0.53834 0.00002 0.00000 0.00000
0.08900 0.30269 0.42704 0.03316 0.00000 0.14810
0.50337 0.01230 0.17035 0.31398 0.00000 0.00000
0.20064 0.00256 0.00173 0.59824 0.00000 0.19684
0.00000 0.10670 0.00000 0.00000 0.50818 0.38512
0.39980 0.00041 0.00000 0.00000 0.30953 0.29026

observation: 6
0.48974 0.67317 0.27529 0.10103 0.00369 0.09598
0.00420 0.02060 0.42957 0.09723 0.10060 0.09563
0.00003 0.28628 0.19291 0.19635 0.10195 0.30289
0.50603 0.01994 0.10154 0.00000 0.00662 0.40320
0.00000 0.00001 0.00068 0.60539 0.00198 0.10230
0.00000 0.00000 0.00000 0.00000 0.78516 0.00000
