initial: 6
0.00000 0.11800 0.08553 0.20986 0.00000 0.58661

transition: 6
0.20151 0.24671 0.55176 0.00002 0.00000 0.00000
0.07547 0.29756 0.44598 0.02427 0.00000 0.15671
0.50107 0.01111 0.17604 0.31178 0.00000 0.00000
0.20060 0.00209 0.00162 0.59832 0.00000 0.19737
0.00000 0.10603 0.00000 0.00000 0.50718 0.38680
0.39947 0.00032 0.00000 0.00000 0.30832 0.29189

observation: 6
0.49082 0.67843 0.28244 0.10087 0.00291 0.09653
0.00385 0.01637 0.42191 0.09753 0.10102 0.09579
0.00002 0.28992 0.19464 0.19634 0.10128 0.30242
0.50531 0.01527 0.10043 0.00000 0.00614 0.40317
0.00000 0.00001 0.00058 0.60526 0.00200 0.10210
0.00000 0.00000 0.00000 0.00000 0.78665 0.00000
