initial: 6
0.00000 0.11221 0.09012 0.20998 0.00000 0.58769

transition: 6
0.20266 0.22773 0.56960 0.00001 0.00000 0.00000
0.05385 0.29151 0.47283 0.01235 0.00000 0.16946
0.49822 0.00932 0.18405 0.30841 0.00000 0.00000
0.20048 0.00142 0.00145 0.59843 0.00000 0.19821
0.00000 0.10483 0.00000 0.00000 0.50568 0.38949
0.39896 0.00020 0.00000 0.00000 0.30646 0.29437

observation: 6
0.49238 0.68607 0.29139 0.10063 0.00173 0.09754
0.00326 0.01044 0.41214 0.09803 0.10170 0.09592
0.00001 0.29430 0.19701 0.19632 0.10029 0.30186
0.50435 0.00919 0.09902 0.00000 0.00543 0.40290
0.00000 0.00001 0.00044 0.60501 0.00204 0.10178
0.00000 0.00000 0.00000 0.00000 0.78882 0.00000
