initial: 6
0.50794 0.49206 0.00000 0.00000 0.00000 0.00000

transition: 6
0.29123 0.50661 0.00739 0.19353 0.00000 0.00124
0.00190 0.50130 0.19867 0.00001 0.00000 0.29812
0.00214 0.00035 0.20487 0.78745 0.00003 0.00516
0.00014 0.00189 0.00465 0.27718 0.51546 0.20069
0.00000 0.00000 0.00000 0.00000 0.50082 0.49918
0.60054 0.00002 0.20611 0.19333 0.00000 0.00000

observation: 6
0.00006 0.29992 0.00242 0.10031 0.29858 0.09820
0.09980 0.39660 0.00000 0.10148 0.00000 0.10055
0.40458 0.19991 0.48893 0.29563 0.30240 0.00000
0.49556 0.10358 0.50584 0.40265 0.00000 0.00000
0.00000 0.00000 0.00282 0.09994 0.00000 0.80125
0.00000 0.00000 0.00000 0.00000 0.39902 0.00000
