initial: 6
0.72187 0.00282 0.08843 0.18689 0.00000 0.00000

transition: 6
0.29550 0.01636 0.49946 0.00174 0.00000 0.18695
0.20195 0.20465 0.59301 0.00037 0.00001 0.00001
0.00401 0.49903 0.19483 0.30192 0.00000 0.00020
0.00045 0.20225 0.00015 0.59719 0.00000 0.19996
0.10742 0.00000 0.00000 0.00000 0.50224 0.39034
0.00115 0.39445 0.00000 0.00000 0.30527 0.29914

observation: 6
0.69439 0.49624 0.30039 0.09987 0.00083 0.09760
0.00256 0.00250 0.40118 0.09887 0.10255 0.09691
0.30284 0.00053 0.20033 0.19588 0.09783 0.30236
0.00020 0.50073 0.09780 0.00000 0.00290 0.40390
0.00001 0.00000 0.00029 0.60539 0.00285 0.09923
0.00000 0.00000 0.00000 0.00000 0.79304 0.00000
