initial: 6
0.00000 0.11181 0.09043 0.20999 0.00000 0.58777

transition: 6
0.20271 0.22649 0.57079 0.00001 0.00000 0.00000
0.05222 0.29115 0.47469 0.01158 0.00000 0.17036
0.49804 0.00919 0.18461 0.30816 0.00000 0.00000
0.20047 0.00137 0.00144 0.59844 0.00000 0.19827
0.00000 0.10473 0.00000 0.00000 0.50557 0.38970
0.39892 0.00019 0.00000 0.00000 0.30633 0.29456

observation: 6
0.49250 0.68662 0.29196 0.10062 0.00164 0.09762
0.00321 0.01003 0.41150 0.09807 0.10176 0.09593
0.00001 0.29457 0.19717 0.19632 0.10022 0.30182
0.50428 0.00878 0.09894 0.00000 0.00537 0.40287
0.00000 0.00001 0.00043 0.60499 0.00204 0.10175
0.00000 0.00000 0.00000 0.00000 0.78898 0.00000
