initial: 6
0.00000 0.10602 0.09468 0.21016 0.00000 0.58915

transition: 6
0.20297 0.21019 0.58683 0.00000 0.00000 0.00000
0.02647 0.28745 0.50047 0.00251 0.00000 0.18311
0.49605 0.00709 0.19263 0.30424 0.00000 0.00000
0.20035 0.00058 0.00122 0.59862 0.00000 0.19923
0.00000 0.10303 0.00000 0.00000 0.50375 0.39322
0.39824 0.00007 0.00000 0.00000 0.30414 0.29755

observation: 6
0.49424 0.69491 0.29918 0.10046 0.00037 0.09901
0.00234 0.00425 0.40320 0.09879 0.10259 0.09595
0.00001 0.29769 0.19925 0.19636 0.09910 0.30142
0.50341 0.00315 0.09811 0.00000 0.00431 0.40234
0.00000 0.00000 0.00026 0.60439 0.00208 0.10128
0.00000 0.00000 0.00000 0.00000 0.79154 0.00000
