initial: 6
0.00000 0.10556 0.09499 0.21018 0.00000 0.58927

transition: 6
0.20294 0.20901 0.58805 0.00000 0.00000 0.00000
0.02412 0.28731 0.50248 0.00199 0.00000 0.18410
0.49595 0.00689 0.19328 0.30388 0.00000 0.00000
0.20035 0.00051 0.00120 0.59864 0.00000 0.19930
0.00000 0.10286 0.00000 0.00000 0.50358 0.39357
0.39816 0.00006 0.00000 0.00000 0.30394 0.29783

observation: 6
0.49440 0.69562 0.29968 0.10046 0.00028 0.09913
0.00225 0.00380 0.40259 0.09887 0.10267 0.09594
0.00000 0.29787 0.19940 0.19637 0.09900 0.30140
0.50334 0.00270 0.09808 0.00000 0.00418 0.40230
0.00000 0.00000 0.00025 0.60431 0.00208 0.10123
0.00000 0.00000 0.00000 0.00000 0.79179 0.00000
