initial: 6
0.73843 0.00002 0.07757 0.18397 0.00000 0.00000

transition: 6
0.29783 0.04775 0.47402 0.00618 0.00000 0.17423
0.21267 0.22886 0.55432 0.00414 0.00000 0.00001
0.00750 0.51959 0.15848 0.31372 0.00001 0.00069
0.00222 0.20532 0.00026 0.59441 0.00000 0.19778
0.10792 0.00000 0.00000 0.00000 0.50673 0.38535
0.00488 0.39457 0.00000 0.00000 0.31027 0.29029

observation: 6
0.68705 0.48809 0.28932 0.09819 0.00342 0.09543
0.00849 0.01293 0.41648 0.09623 0.10289 0.09332
0.30147 0.00192 0.20284 0.19528 0.09692 0.30569
0.00293 0.49705 0.09013 0.00000 0.00662 0.40543
0.00006 0.00001 0.00122 0.61030 0.00265 0.10013
0.00000 0.00000 0.00000 0.00000 0.78750 0.00000
