initial: 6
0.72795 0.00000 0.08696 0.18509 0.00000 0.00000

transition: 6
0.30861 0.02684 0.46436 0.00399 0.00000 0.19620
0.00095 0.25652 0.72447 0.01806 0.00000 0.00000
0.00323 0.52974 0.16347 0.30355 0.00000 0.00001
0.00290 0.20378 0.00003 0.59154 0.00001 0.20175
0.10539 0.00000 0.00000 0.00000 0.51526 0.37935
0.00146 0.40495 0.00000 0.00000 0.30746 0.28613

observation: 6
0.99036 0.49210 0.28707 0.09257 0.00497 0.09656
0.00336 0.00820 0.42324 0.09829 0.10505 0.09385
0.00398 0.00943 0.20707 0.80911 0.09212 0.31353
0.00230 0.49027 0.08262 0.00003 0.01896 0.39653
0.00000 0.00000 0.00000 0.00000 0.00569 0.09953
0.00000 0.00000 0.00000 0.00000 0.77321 0.00000
