initial: 6
0.00000 0.14023 0.06785 0.20934 0.00000 0.58258

transition: 6
0.18899 0.34492 0.46603 0.00005 0.00000 0.00001
0.13560 0.33812 0.34225 0.07192 0.00000 0.11211
0.51735 0.01746 0.14094 0.32426 0.00000 0.00000
0.19995 0.00555 0.00245 0.59735 0.00000 0.19470
0.00004 0.10908 0.00000 0.00000 0.51342 0.37747
0.40137 0.00121 0.00000 0.00000 0.31550 0.28192

observation: 6
0.48360 0.64568 0.23311 0.10156 0.00708 0.09471
0.00566 0.04240 0.47439 0.09599 0.09916 0.09397
0.00009 0.26242 0.18568 0.19609 0.10507 0.30628
0.51064 0.04946 0.10544 0.00000 0.00933 0.40189
0.00001 0.00003 0.00138 0.60636 0.00214 0.10314
0.00000 0.00000 0.00000 0.00000 0.77723 0.00000
