initial: 6
0.50792 0.49208 0.00000 0.00000 0.00000 0.00000

transition: 6
0.29105 0.50574 0.00745 0.19435 0.00000 0.00141
0.00216 0.50119 0.19866 0.00001 0.00000 0.29798
0.00223 0.00038 0.20567 0.78678 0.00003 0.00490
0.00014 0.00206 0.00474 0.27572 0.51634 0.20099
0.00000 0.00000 0.00000 0.00000 0.50084 0.49916
0.60173 0.00002 0.20537 0.19288 0.00000 0.00000

observation: 6
0.00005 0.29993 0.00266 0.10036 0.29854 0.09815
0.09969 0.39661 0.00000 0.10147 0.00000 0.10052
0.40467 0.19989 0.48858 0.29557 0.30243 0.00000
0.49559 0.10357 0.50558 0.40268 0.00000 0.00000
0.00000 0.00000 0.00318 0.09993 0.00000 0.80133
0.00000 0.00000 0.00000 0.00000 0.39903 0.00000
