initial: 6
0.72313 0.00263 0.08758 0.18666 0.00000 0.00000

transition: 6
0.29555 0.01883 0.49750 0.00215 0.00000 0.18597
0.20279 0.20594 0.59070 0.00055 0.00001 0.00001
0.00433 0.50010 0.19278 0.30256 0.00000 0.00024
0.00060 0.20242 0.00015 0.59701 0.00000 0.19983
0.10748 0.00000 0.00000 0.00000 0.50265 0.38987
0.00142 0.39449 0.00000 0.00000 0.30566 0.29843

observation: 6
0.69391 0.49567 0.29971 0.09975 0.00108 0.09739
0.00293 0.00311 0.40212 0.09867 0.10251 0.09673
0.30274 0.00064 0.20040 0.19581 0.09779 0.30258
0.00041 0.50058 0.09743 0.00000 0.00330 0.40396
0.00001 0.00000 0.00035 0.60577 0.00280 0.09934
0.00000 0.00000 0.00000 0.00000 0.79252 0.00000
