initial: 6
0.72038 0.00001 0.09217 0.18744 0.00000 0.00000

transition: 6
0.30823 0.00608 0.48728 0.00151 0.00000 0.19691
0.00059 0.20963 0.78401 0.00577 0.00000 0.00000
0.00121 0.50569 0.19420 0.29891 0.00000 0.00000
0.00051 0.20194 0.00001 0.59635 0.00000 0.20118
0.10490 0.00000 0.00000 0.00000 0.50384 0.39126
0.00033 0.39809 0.00000 0.00000 0.30226 0.29933

observation: 6
0.99528 0.49687 0.29656 0.09722 0.00184 0.09844
0.00219 0.00169 0.40435 0.09933 0.10447 0.09659
0.00239 0.00419 0.20038 0.80345 0.09142 0.31022
0.00014 0.49725 0.09871 0.00001 0.00941 0.39568
0.00000 0.00000 0.00000 0.00000 0.00344 0.09906
0.00000 0.00000 0.00000 0.00000 0.78943 0.00000
