initial: 6
0.00000 0.10392 0.09610 0.21027 0.00000 0.58970

transition: 6
0.20273 0.20488 0.59238 0.00000 0.00001 0.00000
0.01503 0.28712 0.50974 0.00054 0.00000 0.18757
0.49571 0.00609 0.19567 0.30254 0.00000 0.00000
0.20037 0.00022 0.00109 0.59876 0.00000 0.19957
0.00000 0.10219 0.00000 0.00000 0.50287 0.39493
0.39788 0.00002 0.00000 0.00000 0.30319 0.29890

observation: 6
0.49502 0.69828 0.30141 0.10047 0.00004 0.09950
0.00189 0.00221 0.40044 0.09918 0.10296 0.09592
0.00000 0.29838 0.19991 0.19642 0.09860 0.30135
0.50309 0.00114 0.09807 0.00000 0.00357 0.40219
0.00000 0.00000 0.00017 0.60393 0.00207 0.10105
0.00000 0.00000 0.00000 0.00000 0.79276 0.00000
