initial: 6
0.71847 0.00258 0.09147 0.18748 0.00000 0.00000

transition: 6
0.29579 0.00894 0.50552 0.00052 0.00000 0.18923
0.19925 0.20161 0.59879 0.00002 0.00032 0.00001
0.00279 0.49662 0.20046 0.30009 0.00000 0.00004
0.00005 0.20207 0.00035 0.59756 0.00000 0.19997
0.10739 0.00000 0.00000 0.00000 0.50059 0.39202
0.00030 0.39462 0.00000 0.00000 0.30416 0.30091

observation: 6
0.69574 0.49796 0.30218 0.10014 0.00010 0.09748
0.00136 0.00081 0.39864 0.09932 0.10275 0.09740
0.30290 0.00020 0.20038 0.19617 0.09776 0.30225
0.00000 0.50103 0.09869 0.00000 0.00123 0.40377
0.00000 0.00000 0.00011 0.60436 0.00292 0.09910
0.00000 0.00000 0.00000 0.00000 0.79524 0.00000
