initial: 6
0.48833 0.51167 0.00000 0.00000 0.00000 0.00000

transition: 6
0.26738 0.40965 0.01578 0.30429 0.00072 0.00218
0.00915 0.50480 0.20311 0.00054 0.00028 0.28211
0.01188 0.00351 0.21643 0.76352 0.00126 0.00339
0.00074 0.00938 0.01038 0.24279 0.53169 0.20502
0.00000 0.00000 0.00000 0.00000 0.50099 0.49901
0.77626 0.00027 0.04114 0.18233 0.00000 0.00000

observation: 6
0.00018 0.29709 0.01120 0.10196 0.29826 0.09696
0.07986 0.40039 0.00094 0.09900 0.00000 0.09911
0.42034 0.19771 0.46730 0.29567 0.30255 0.00000
0.49963 0.10481 0.47968 0.40369 0.00000 0.00000
0.00000 0.00000 0.04088 0.09968 0.00000 0.80392
0.00000 0.00000 0.00000 0.00000 0.39919 0.00000
