initial: 6
0.76753 0.00000 0.05609 0.17637 0.00000 0.00000

transition: 6
0.28151 0.12683 0.41252 0.02326 0.00000 0.15587
0.01256 0.37498 0.57569 0.03677 0.00000 0.00000
0.03245 0.58197 0.06015 0.32520 0.00000 0.00024
0.02446 0.18746 0.00035 0.57587 0.00028 0.21159
0.10783 0.00001 0.00000 0.00000 0.56806 0.32410
0.02003 0.42840 0.00021 0.00000 0.32362 0.22774

observation: 6
0.95950 0.45111 0.25863 0.07572 0.01564 0.09123
0.01491 0.03966 0.47351 0.09403 0.10902 0.07962
0.01497 0.02755 0.23806 0.82970 0.10538 0.32293
0.01062 0.48169 0.02979 0.00055 0.05223 0.40809
0.00000 0.00000 0.00000 0.00000 0.01652 0.09812
0.00000 0.00000 0.00000 0.00000 0.70121 0.00000
