initial: 6
0.71960 0.00026 0.09215 0.18799 0.00000 0.00000

transition: 6
0.30854 0.00234 0.49158 0.00066 0.00000 0.19688
0.00074 0.20234 0.79446 0.00246 0.00000 0.00000
0.00068 0.50086 0.19978 0.29868 0.00000 0.00000
0.00010 0.20156 0.00001 0.59738 0.00000 0.20096
0.10490 0.00000 0.00000 0.00000 0.50034 0.39476
0.00012 0.39591 0.00000 0.00000 0.30098 0.30299

observation: 6
0.99558 0.49802 0.29758 0.09812 0.00087 0.09886
0.00226 0.00048 0.40109 0.09960 0.10432 0.09723
0.00216 0.00273 0.20037 0.80229 0.09119 0.30933
0.00000 0.49877 0.10095 0.00000 0.00638 0.39559
0.00000 0.00000 0.00001 0.00000 0.00273 0.09899
0.00000 0.00000 0.00000 0.00000 0.79451 0.00000
