initial: 6
0.00007 0.15707 0.05655 0.20859 0.00000 0.57773

transition: 6
0.16480 0.45455 0.38022 0.00013 0.00004 0.00024
0.14717 0.40197 0.27563 0.09229 0.00000 0.08295
0.53891 0.02394 0.09504 0.34202 0.00005 0.00004
0.19691 0.01177 0.00489 0.59417 0.00005 0.19220
0.00069 0.11096 0.00000 0.00000 0.52154 0.36681
0.40199 0.00427 0.00000 0.00000 0.32465 0.26908

observation: 6
0.47028 0.60607 0.18559 0.10057 0.01043 0.09537
0.00785 0.07399 0.52655 0.09394 0.09840 0.08938
0.00051 0.22564 0.18790 0.19420 0.10828 0.31295
0.52131 0.09425 0.09623 0.00000 0.01456 0.39815
0.00006 0.00005 0.00373 0.61129 0.00298 0.10414
0.00000 0.00000 0.00000 0.00000 0.76534 0.00000
