initial: 6
0.75534 0.00000 0.06564 0.17902 0.00000 0.00000

transition: 6
0.29937 0.08985 0.41668 0.01424 0.00000 0.17987
0.00520 0.35269 0.60767 0.03444 0.00000 0.00000
0.01620 0.57401 0.09210 0.31760 0.00000 0.00009
0.01421 0.19857 0.00016 0.58019 0.00013 0.20674
0.10737 0.00000 0.00000 0.00000 0.54874 0.34388
0.00976 0.42196 0.00005 0.00000 0.31984 0.24839

observation: 6
0.96952 0.47074 0.26461 0.08035 0.01200 0.09260
0.01106 0.02859 0.46312 0.09511 0.10764 0.08480
0.01077 0.02158 0.23006 0.82427 0.09998 0.31987
0.00865 0.47909 0.04221 0.00027 0.04127 0.40334
0.00000 0.00000 0.00000 0.00000 0.01256 0.09938
0.00000 0.00000 0.00000 0.00000 0.72656 0.00000
