initial: 6
0.71960 0.00033 0.09203 0.18803 0.00000 0.00000

transition: 6
0.30857 0.00206 0.49205 0.00057 0.00000 0.19675
0.00076 0.20197 0.79512 0.00214 0.00000 0.00000
0.00061 0.50054 0.20023 0.29861 0.00000 0.00000
0.00007 0.20165 0.00001 0.59746 0.00000 0.20082
0.10491 0.00000 0.00000 0.00000 0.49991 0.39518
0.00010 0.39569 0.00000 0.00000 0.30111 0.30310

observation: 6
0.99555 0.49813 0.29759 0.09808 0.00077 0.09886
0.00230 0.00039 0.40081 0.09962 0.10427 0.09729
0.00215 0.00259 0.20048 0.80230 0.09109 0.30929
0.00000 0.49890 0.10105 0.00000 0.00603 0.39563
0.00000 0.00000 0.00007 0.00000 0.00266 0.09893
0.00000 0.00000 0.00000 0.00000 0.79517 0.00000
