initial: 6
0.00000 0.10551 0.09502 0.21018 0.00000 0.58929

transition: 6
0.20293 0.20889 0.58817 0.00000 0.00000 0.00000
0.02388 0.28729 0.50268 0.00194 0.00000 0.18420
0.49594 0.00687 0.19335 0.30385 0.00000 0.00000
0.20035 0.00050 0.00119 0.59865 0.00000 0.19931
0.00000 0.10284 0.00000 0.00000 0.50356 0.39360
0.39816 0.00006 0.00000 0.00000 0.30392 0.29786

observation: 6
0.49442 0.69570 0.29973 0.10046 0.00027 0.09914
0.00225 0.00376 0.40253 0.09888 0.10268 0.09594
0.00000 0.29789 0.19941 0.19637 0.09899 0.30140
0.50333 0.00266 0.09808 0.00000 0.00417 0.40229
0.00000 0.00000 0.00024 0.60430 0.00208 0.10123
0.00000 0.00000 0.00000 0.00000 0.79181 0.00000
