initial: 6
0.30023 0.03422 0.13386 0.23862 0.03328 0.25979

transition: 6
0.46291 0.45903 0.04976 0.00699 0.00882 0.01249
0.18877 0.51986 0.25055 0.03179 0.00278 0.00624
0.20840 0.09768 0.19758 0.45277 0.01773 0.02584
0.24398 0.08367 0.06052 0.49909 0.06647 0.04628
0.05371 0.02914 0.00527 0.00560 0.62774 0.27854
0.30360 0.06097 0.00724 0.00244 0.24939 0.37637

observation: 6
0.36494 0.51773 0.19156 0.05707 0.02622 0.07459
0.09416 0.17678 0.32646 0.03752 0.09814 0.06088
0.13957 0.10832 0.25981 0.17288 0.16814 0.27418
0.39967 0.19570 0.04931 0.03755 0.12991 0.29259
0.00166 0.00147 0.17286 0.69498 0.03417 0.03439
0.00001 0.00000 0.00000 0.00000 0.54342 0.26337
