initial: 6
0.61737 0.10291 0.12832 0.15141 0.00000 0.00000

transition: 6
0.46841 0.43262 0.06541 0.01319 0.00840 0.01197
0.19511 0.52678 0.23746 0.02936 0.00427 0.00702
0.17696 0.12088 0.20169 0.46345 0.01548 0.02154
0.21397 0.11221 0.05434 0.51281 0.06501 0.04165
0.04845 0.02373 0.00550 0.00537 0.58957 0.32738
0.29465 0.05609 0.00852 0.00237 0.20745 0.43093

observation: 6
0.45590 0.44367 0.23479 0.05545 0.02573 0.04597
0.07617 0.18788 0.33154 0.03988 0.09737 0.06818
0.18211 0.09424 0.24504 0.17256 0.20686 0.19196
0.28346 0.27223 0.05666 0.03503 0.14406 0.28038
0.00237 0.00198 0.13197 0.69708 0.04077 0.02757
0.00000 0.00000 0.00000 0.00000 0.48521 0.38596
