initial: 6
0.84497 0.00408 0.00691 0.14404 0.00000 0.00000

transition: 6
0.37246 0.45091 0.09317 0.06256 0.00390 0.01700
0.15335 0.52439 0.26414 0.04883 0.00139 0.00789
0.15926 0.15296 0.31213 0.33591 0.00533 0.03442
0.10239 0.08843 0.08726 0.54005 0.06828 0.11359
0.07584 0.02144 0.00477 0.00384 0.73049 0.16362
0.44458 0.12390 0.02172 0.00574 0.16410 0.23996

observation: 6
0.67175 0.32467 0.18593 0.06949 0.03541 0.10406
0.10187 0.26584 0.23159 0.04356 0.10052 0.04800
0.06570 0.07911 0.41268 0.82481 0.15701 0.13771
0.16017 0.33030 0.16975 0.06045 0.12525 0.55371
0.00051 0.00007 0.00004 0.00169 0.04635 0.10411
0.00000 0.00000 0.00000 0.00000 0.53545 0.05239
