initial: 6
0.71960 0.00025 0.09216 0.18798 0.00000 0.00000

transition: 6
0.30854 0.00237 0.49154 0.00067 0.00000 0.19688
0.00074 0.20239 0.79439 0.00248 0.00000 0.00000
0.00069 0.50089 0.19974 0.29868 0.00000 0.00000
0.00010 0.20155 0.00001 0.59737 0.00000 0.20097
0.10489 0.00000 0.00000 0.00000 0.50038 0.39473
0.00012 0.39593 0.00000 0.00000 0.30098 0.30297

observation: 6
0.99558 0.49801 0.29757 0.09812 0.00088 0.09886
0.00225 0.00048 0.40111 0.09959 0.10432 0.09722
0.00216 0.00275 0.20036 0.80229 0.09119 0.30933
0.00000 0.49876 0.10094 0.00000 0.00641 0.39559
0.00000 0.00000 0.00001 0.00000 0.00274 0.09900
0.00000 0.00000 0.00000 0.00000 0.79446 0.00000
