initial: 6
0.00000 0.10621 0.09454 0.21015 0.00000 0.58910

transition: 6
0.20298 0.21070 0.58632 0.00000 0.00000 0.00000
0.02744 0.28751 0.49962 0.00274 0.00000 0.18269
0.49609 0.00717 0.19235 0.30438 0.00000 0.00000
0.20035 0.00062 0.00123 0.59861 0.00000 0.19919
0.00000 0.10310 0.00000 0.00000 0.50382 0.39308
0.39826 0.00008 0.00000 0.00000 0.30422 0.29743

observation: 6
0.49418 0.69461 0.29896 0.10046 0.00041 0.09896
0.00238 0.00445 0.40346 0.09876 0.10256 0.09595
0.00001 0.29761 0.19919 0.19635 0.09914 0.30143
0.50344 0.00333 0.09812 0.00000 0.00436 0.40236
0.00000 0.00000 0.00027 0.60442 0.00208 0.10130
0.00000 0.00000 0.00000 0.00000 0.79144 0.00000
