initial: 6
0.74301 0.00001 0.07369 0.18330 0.00000 0.00000

transition: 6
0.29884 0.05744 0.46635 0.00705 0.00000 0.17032
0.21595 0.23897 0.53924 0.00582 0.00000 0.00001
0.00862 0.52866 0.14275 0.31904 0.00001 0.00091
0.00286 0.20638 0.00035 0.59337 0.00001 0.19704
0.10791 0.00000 0.00000 0.00000 0.50837 0.38372
0.00636 0.39454 0.00000 0.00000 0.31185 0.28725

observation: 6
0.68455 0.48481 0.28528 0.09760 0.00406 0.09506
0.01065 0.01743 0.42225 0.09539 0.10339 0.09156
0.30116 0.00239 0.20420 0.19517 0.09682 0.30664
0.00356 0.49535 0.08664 0.00000 0.00755 0.40639
0.00008 0.00001 0.00163 0.61183 0.00276 0.10035
0.00000 0.00000 0.00000 0.00000 0.78542 0.00000
