initial: 6
0.49909 0.50091 0.00000 0.00000 0.00000 0.00000

transition: 6
0.28277 0.45530 0.00905 0.25053 0.00008 0.00227
0.00509 0.50355 0.19890 0.00011 0.00001 0.29234
0.00474 0.00105 0.21387 0.77697 0.00023 0.00315
0.00032 0.00484 0.00648 0.25403 0.52864 0.20570
0.00000 0.00000 0.00000 0.00000 0.50091 0.49909
0.68039 0.00013 0.13274 0.18674 0.00000 0.00000

observation: 6
0.00009 0.29853 0.00706 0.10111 0.29823 0.09750
0.09008 0.39796 0.00006 0.09999 0.00000 0.09979
0.41174 0.19894 0.48350 0.29570 0.30263 0.00000
0.49809 0.10457 0.49597 0.40356 0.00000 0.00000
0.00000 0.00000 0.01341 0.09965 0.00000 0.80271
0.00000 0.00000 0.00000 0.00000 0.39914 0.00000
