initial: 6
0.00000 0.14445 0.06473 0.20926 0.00000 0.58156

transition: 6
0.18429 0.36914 0.44648 0.00006 0.00000 0.00002
0.14200 0.35062 0.32377 0.07915 0.00000 0.10446
0.52166 0.01864 0.13243 0.32726 0.00000 0.00000
0.19949 0.00664 0.00275 0.59692 0.00000 0.19420
0.00008 0.10960 0.00000 0.00000 0.51499 0.37533
0.40171 0.00160 0.00000 0.00000 0.31725 0.27944

observation: 6
0.48140 0.63760 0.22126 0.10156 0.00786 0.09469
0.00608 0.04862 0.48717 0.09563 0.09891 0.09325
0.00012 0.25469 0.18474 0.19587 0.10585 0.30747
0.51239 0.05906 0.10517 0.00000 0.01026 0.40122
0.00002 0.00003 0.00167 0.60694 0.00225 0.10337
0.00000 0.00000 0.00000 0.00000 0.77486 0.00000
