initial: 6
0.74705 0.00000 0.07239 0.18055 0.00000 0.00000

transition: 6
0.30503 0.07042 0.42574 0.01029 0.00000 0.18852
0.00309 0.33247 0.63267 0.03177 0.00000 0.00000
0.01041 0.56454 0.11181 0.31320 0.00000 0.00005
0.00985 0.20196 0.00010 0.58312 0.00008 0.20488
0.10681 0.00000 0.00000 0.00000 0.53823 0.35496
0.00607 0.41727 0.00002 0.00000 0.31667 0.25998

observation: 6
0.97611 0.47896 0.26949 0.08363 0.00995 0.09372
0.00839 0.02223 0.45459 0.09589 0.10676 0.08779
0.00844 0.01816 0.22419 0.82031 0.09716 0.31804
0.00707 0.48065 0.05172 0.00017 0.03490 0.40075
0.00000 0.00000 0.00000 0.00000 0.01039 0.09970
0.00000 0.00000 0.00000 0.00000 0.74084 0.00000
