initial: 6
0.75631 0.00000 0.06276 0.18093 0.00000 0.00000

transition: 6
0.30090 0.09149 0.44072 0.00834 0.00000 0.15855
0.22388 0.28076 0.48217 0.01317 0.00000 0.00003
0.01362 0.56546 0.07715 0.34150 0.00010 0.00218
0.00613 0.20824 0.00113 0.58897 0.00005 0.19549
0.10741 0.00001 0.00000 0.00000 0.51600 0.37657
0.01398 0.39401 0.00000 0.00000 0.31700 0.27502

observation: 6
0.67624 0.47192 0.27089 0.09484 0.00615 0.09459
0.01733 0.03649 0.44311 0.09296 0.10587 0.08423
0.30060 0.00429 0.21143 0.19461 0.09847 0.30824
0.00562 0.48725 0.07068 0.00000 0.01068 0.41188
0.00021 0.00006 0.00389 0.61759 0.00358 0.10107
0.00000 0.00000 0.00000 0.00000 0.77524 0.00000
