initial: 6
0.00003 0.15414 0.05820 0.20888 0.00000 0.57875

transition: 6
0.16975 0.43304 0.39696 0.00011 0.00002 0.00013
0.14794 0.38826 0.28535 0.09065 0.00000 0.08780
0.53409 0.02219 0.10639 0.33730 0.00002 0.00002
0.19771 0.01026 0.00409 0.59513 0.00003 0.19279
0.00041 0.11074 0.00000 0.00000 0.51966 0.36919
0.40211 0.00332 0.00000 0.00000 0.32249 0.27208

observation: 6
0.47366 0.61463 0.19335 0.10102 0.00976 0.09513
0.00738 0.06677 0.51790 0.09446 0.09848 0.09061
0.00034 0.23317 0.18587 0.19479 0.10772 0.31130
0.51859 0.08539 0.09993 0.00000 0.01327 0.39901
0.00004 0.00004 0.00295 0.60973 0.00273 0.10395
0.00000 0.00000 0.00000 0.00000 0.76803 0.00000
