initial: 6
0.71932 0.00272 0.09061 0.18735 0.00000 0.00000

transition: 6
0.29568 0.01074 0.50396 0.00082 0.00000 0.18880
0.20002 0.20218 0.59755 0.00007 0.00017 0.00001
0.00315 0.49710 0.19908 0.30057 0.00000 0.00009
0.00014 0.20206 0.00022 0.59753 0.00000 0.20006
0.10736 0.00000 0.00000 0.00000 0.50111 0.39154
0.00052 0.39452 0.00000 0.00000 0.30441 0.30055

observation: 6
0.69538 0.49752 0.30178 0.10009 0.00026 0.09772
0.00170 0.00122 0.39923 0.09925 0.10268 0.09728
0.30290 0.00028 0.20031 0.19609 0.09783 0.30214
0.00001 0.50098 0.09852 0.00000 0.00176 0.40379
0.00000 0.00000 0.00016 0.60457 0.00294 0.09907
0.00000 0.00000 0.00000 0.00000 0.79454 0.00000
