initial: 6
0.73935 0.00002 0.07680 0.18383 0.00000 0.00000

transition: 6
0.29802 0.04966 0.47249 0.00637 0.00000 0.17345
0.21332 0.23077 0.55144 0.00446 0.00000 0.00001
0.00772 0.52129 0.15555 0.31471 0.00001 0.00073
0.00234 0.20554 0.00028 0.59421 0.00000 0.19763
0.10792 0.00000 0.00000 0.00000 0.50704 0.38504
0.00515 0.39456 0.00000 0.00000 0.31058 0.28971

observation: 6
0.68656 0.48747 0.28854 0.09807 0.00355 0.09534
0.00891 0.01376 0.41759 0.09607 0.10297 0.09300
0.30141 0.00201 0.20309 0.19526 0.09689 0.30589
0.00306 0.49674 0.08948 0.00000 0.00681 0.40560
0.00006 0.00001 0.00130 0.61060 0.00266 0.10018
0.00000 0.00000 0.00000 0.00000 0.78712 0.00000
