initial: 6
0.00000 0.14114 0.06716 0.20932 0.00000 0.58237

transition: 6
0.18805 0.35001 0.46188 0.00005 0.00000 0.00001
0.13716 0.34066 0.33817 0.07358 0.00000 0.11043
0.51824 0.01771 0.13917 0.32487 0.00000 0.00000
0.19987 0.00576 0.00251 0.59727 0.00000 0.19459
0.00005 0.10919 0.00000 0.00000 0.51374 0.37702
0.40145 0.00129 0.00000 0.00000 0.31586 0.28141

observation: 6
0.48316 0.64400 0.23058 0.10157 0.00725 0.09470
0.00574 0.04370 0.47710 0.09591 0.09910 0.09383
0.00009 0.26082 0.18543 0.19605 0.10523 0.30652
0.51099 0.05145 0.10545 0.00000 0.00952 0.40176
0.00001 0.00003 0.00143 0.60647 0.00216 0.10319
0.00000 0.00000 0.00000 0.00000 0.77674 0.00000
