initial: 6
0.00000 0.11136 0.09078 0.21000 0.00000 0.58787

transition: 6
0.20277 0.22513 0.57210 0.00001 0.00000 0.00000
0.05039 0.29077 0.47673 0.01075 0.00000 0.17136
0.49785 0.00904 0.18523 0.30788 0.00000 0.00000
0.20046 0.00131 0.00143 0.59845 0.00000 0.19834
0.00000 0.10462 0.00000 0.00000 0.50545 0.38994
0.39888 0.00018 0.00000 0.00000 0.30617 0.29477

observation: 6
0.49262 0.68723 0.29258 0.10060 0.00154 0.09772
0.00315 0.00957 0.41081 0.09812 0.10182 0.09593
0.00001 0.29486 0.19734 0.19632 0.10013 0.30179
0.50421 0.00833 0.09885 0.00000 0.00531 0.40284
0.00000 0.00001 0.00042 0.60496 0.00204 0.10172
0.00000 0.00000 0.00000 0.00000 0.78916 0.00000
