initial: 6
0.84619 0.00270 0.00597 0.14515 0.00000 0.00000

transition: 6
0.36535 0.45328 0.09570 0.06442 0.00381 0.01743
0.15171 0.52881 0.26289 0.04803 0.00125 0.00731
0.15932 0.15358 0.30706 0.34008 0.00483 0.03513
0.10077 0.08673 0.08314 0.53878 0.06515 0.12542
0.08097 0.02071 0.00438 0.00350 0.73091 0.15953
0.44166 0.12839 0.02033 0.00466 0.17195 0.23301

observation: 6
0.68037 0.32045 0.18864 0.06991 0.03580 0.09932
0.09954 0.26646 0.23577 0.04203 0.10236 0.04423
0.06543 0.07764 0.41190 0.83098 0.15784 0.13700
0.15422 0.33538 0.16366 0.05557 0.12248 0.56828
0.00043 0.00006 0.00003 0.00151 0.04463 0.10422
0.00000 0.00000 0.00000 0.00000 0.53689 0.04695
