initial: 6
0.00000 0.10464 0.09561 0.21023 0.00000 0.58952

transition: 6
0.20284 0.20670 0.59046 0.00000 0.00000 0.00000
0.01922 0.28713 0.50649 0.00110 0.00000 0.18605
0.49579 0.00646 0.19460 0.30316 0.00000 0.00000
0.20035 0.00035 0.00114 0.59870 0.00000 0.19946
0.00000 0.10250 0.00000 0.00000 0.50320 0.39430
0.39801 0.00004 0.00000 0.00000 0.30353 0.29842

observation: 6
0.49473 0.69708 0.30065 0.10046 0.00012 0.09935
0.00206 0.00292 0.40139 0.09903 0.10283 0.09593
0.00000 0.29818 0.19969 0.19640 0.09879 0.30136
0.50320 0.00183 0.09806 0.00000 0.00388 0.40222
0.00000 0.00000 0.00021 0.60411 0.00207 0.10113
0.00000 0.00000 0.00000 0.00000 0.79231 0.00000
