initial: 6
0.71901 0.00268 0.09092 0.18740 0.00000 0.00000

transition: 6
0.29572 0.01007 0.50456 0.00071 0.00000 0.18895
0.19973 0.20196 0.59802 0.00005 0.00023 0.00001
0.00302 0.49692 0.19959 0.30039 0.00000 0.00008
0.00011 0.20207 0.00025 0.59755 0.00000 0.20003
0.10737 0.00000 0.00000 0.00000 0.50093 0.39170
0.00044 0.39458 0.00000 0.00000 0.30431 0.30066

observation: 6
0.69551 0.49768 0.30194 0.10011 0.00019 0.09762
0.00158 0.00107 0.39900 0.09928 0.10270 0.09733
0.30290 0.00025 0.20033 0.19612 0.09781 0.30219
0.00000 0.50100 0.09859 0.00000 0.00158 0.40378
0.00000 0.00000 0.00014 0.60449 0.00294 0.09908
0.00000 0.00000 0.00000 0.00000 0.79479 0.00000
