initial: 6
0.01396 0.15222 0.07398 0.19381 0.00000 0.56604

transition: 6
0.17245 0.53421 0.28131 0.00061 0.00355 0.00787
0.14252 0.46392 0.26437 0.07882 0.00001 0.05035
0.55456 0.04432 0.02299 0.36864 0.00265 0.00684
0.18774 0.02787 0.03262 0.56488 0.00171 0.18519
0.01520 0.10062 0.00000 0.00000 0.54000 0.34417
0.39310 0.02185 0.00002 0.00000 0.35050 0.23453

observation: 6
0.44005 0.56251 0.16389 0.08990 0.01543 0.09258
0.01075 0.11518 0.54167 0.07313 0.09995 0.07813
0.01244 0.17692 0.23736 0.18369 0.11072 0.33538
0.53614 0.14513 0.03005 0.00002 0.02880 0.38906
0.00062 0.00027 0.02703 0.65326 0.00701 0.10485
0.00000 0.00000 0.00000 0.00000 0.73809 0.00000
