initial: 6
0.79732 0.00000 0.05103 0.15166 0.00000 0.00000

transition: 6
0.24476 0.25391 0.36531 0.06126 0.00113 0.07363
0.09362 0.42813 0.44679 0.03145 0.00000 0.00002
0.13160 0.53370 0.00759 0.31646 0.00008 0.01058
0.07277 0.08162 0.00723 0.56109 0.00918 0.26811
0.10645 0.00039 0.00000 0.00000 0.64979 0.24337
0.10621 0.44524 0.01376 0.00000 0.30756 0.12722

observation: 6
0.93377 0.35466 0.17632 0.05709 0.02985 0.08630
0.01807 0.07642 0.53464 0.07248 0.11624 0.05361
0.03381 0.06951 0.27671 0.86582 0.13308 0.31215
0.01436 0.49941 0.01233 0.00461 0.08492 0.45951
0.00000 0.00000 0.00000 0.00000 0.03210 0.08843
0.00000 0.00000 0.00000 0.00000 0.60380 0.00000
