initial: 6
0.71964 0.00018 0.09228 0.18791 0.00000 0.00000

transition: 6
0.30847 0.00275 0.49108 0.00079 0.00000 0.19691
0.00070 0.20304 0.79339 0.00287 0.00000 0.00000
0.00076 0.50137 0.19920 0.29867 0.00000 0.00000
0.00014 0.20157 0.00001 0.59726 0.00000 0.20103
0.10489 0.00000 0.00000 0.00000 0.50085 0.39426
0.00015 0.39621 0.00000 0.00000 0.30110 0.30255

observation: 6
0.99560 0.49788 0.29752 0.09804 0.00100 0.09882
0.00222 0.00061 0.40144 0.09956 0.10434 0.09715
0.00218 0.00292 0.20029 0.80240 0.09125 0.30943
0.00000 0.49859 0.10075 0.00000 0.00682 0.39559
0.00000 0.00000 0.00000 0.00000 0.00284 0.09901
0.00000 0.00000 0.00000 0.00000 0.79375 0.00000
