initial: 6
0.00000 0.10401 0.09604 0.21027 0.00000 0.58968

transition: 6
0.20275 0.20509 0.59215 0.00000 0.00001 0.00000
0.01554 0.28711 0.50935 0.00060 0.00000 0.18739
0.49571 0.00613 0.19554 0.30261 0.00000 0.00000
0.20036 0.00023 0.00109 0.59875 0.00000 0.19956
0.00000 0.10223 0.00000 0.00000 0.50291 0.39485
0.39790 0.00003 0.00000 0.00000 0.30323 0.29884

observation: 6
0.49498 0.69813 0.30132 0.10046 0.00005 0.09948
0.00191 0.00229 0.40055 0.09916 0.10294 0.09592
0.00000 0.29836 0.19988 0.19642 0.09863 0.30135
0.50310 0.00122 0.09806 0.00000 0.00361 0.40219
0.00000 0.00000 0.00018 0.60395 0.00207 0.10105
0.00000 0.00000 0.00000 0.00000 0.79271 0.00000
