initial: 6
0.72086 0.00285 0.08921 0.18707 0.00000 0.00000

transition: 6
0.29552 0.01423 0.50113 0.00139 0.00000 0.18773
0.20126 0.20361 0.59486 0.00024 0.00003 0.00001
0.00371 0.49822 0.19650 0.30141 0.00000 0.00017
0.00033 0.20213 0.00016 0.59733 0.00000 0.20005
0.10738 0.00000 0.00000 0.00000 0.50186 0.39077
0.00091 0.39442 0.00000 0.00000 0.30494 0.29974

observation: 6
0.69478 0.49672 0.30095 0.09996 0.00061 0.09776
0.00224 0.00200 0.40041 0.09902 0.10259 0.09705
0.30289 0.00044 0.20030 0.19595 0.09785 0.30219
0.00009 0.50085 0.09810 0.00000 0.00252 0.40386
0.00000 0.00000 0.00024 0.60507 0.00290 0.09914
0.00000 0.00000 0.00000 0.00000 0.79354 0.00000
