initial: 6
0.00000 0.10373 0.09623 0.21029 0.00000 0.58975

transition: 6
0.20270 0.20440 0.59288 0.00000 0.00002 0.00000
0.01388 0.28713 0.51062 0.00042 0.00000 0.18795
0.49570 0.00598 0.19595 0.30237 0.00000 0.00000
0.20038 0.00018 0.00107 0.59877 0.00000 0.19960
0.00000 0.10211 0.00000 0.00000 0.50278 0.39511
0.39786 0.00002 0.00000 0.00000 0.30310 0.29903

observation: 6
0.49509 0.69860 0.30161 0.10047 0.00002 0.09952
0.00185 0.00202 0.40019 0.09922 0.10300 0.09592
0.00000 0.29842 0.19997 0.19643 0.09855 0.30136
0.50306 0.00096 0.09808 0.00000 0.00347 0.40218
0.00000 0.00000 0.00016 0.60388 0.00206 0.10102
0.00000 0.00000 0.00000 0.00000 0.79289 0.00000
