initial: 6
0.75963 0.00000 0.06041 0.17996 0.00000 0.00000

transition: 6
0.30057 0.10302 0.43210 0.00841 0.00000 0.15590
0.22414 0.29589 0.46381 0.01613 0.00000 0.00003
0.01570 0.57600 0.05735 0.34795 0.00015 0.00285
0.00776 0.20763 0.00174 0.58712 0.00007 0.19567
0.10716 0.00003 0.00000 0.00000 0.51900 0.37380
0.01756 0.39341 0.00000 0.00000 0.31837 0.27066

observation: 6
0.67436 0.46809 0.26639 0.09336 0.00684 0.09452
0.01859 0.04239 0.44987 0.09235 0.10663 0.08208
0.30042 0.00498 0.21488 0.19421 0.09979 0.30792
0.00635 0.48445 0.06379 0.00000 0.01165 0.41428
0.00029 0.00009 0.00507 0.62008 0.00399 0.10120
0.00000 0.00000 0.00000 0.00000 0.77110 0.00000
