initial: 6
0.00005 0.15639 0.05691 0.20867 0.00000 0.57798

transition: 6
0.16594 0.44947 0.38422 0.00013 0.00004 0.00021
0.14744 0.39871 0.27778 0.09199 0.00000 0.08407
0.53773 0.02348 0.09790 0.34082 0.00004 0.00003
0.19711 0.01139 0.00468 0.59442 0.00005 0.19235
0.00061 0.11092 0.00000 0.00000 0.52108 0.36739
0.40203 0.00402 0.00000 0.00000 0.32411 0.26983

observation: 6
0.47112 0.60814 0.18733 0.10069 0.01027 0.09531
0.00774 0.07221 0.52460 0.09408 0.09842 0.08970
0.00046 0.22743 0.18732 0.19435 0.10815 0.31254
0.52063 0.09216 0.09722 0.00000 0.01424 0.39836
0.00005 0.00005 0.00352 0.61088 0.00292 0.10410
0.00000 0.00000 0.00000 0.00000 0.76601 0.00000
