initial: 6
0.85517 0.00000 0.00141 0.14342 0.00000 0.00000

transition: 6
0.24667 0.37759 0.25917 0.06693 0.00352 0.04611
0.11699 0.59953 0.25623 0.02700 0.00002 0.00023
0.19697 0.27120 0.05545 0.43502 0.00043 0.04092
0.08661 0.05411 0.02195 0.54120 0.02935 0.26678
0.11303 0.00205 0.00003 0.00013 0.68437 0.20038
0.16792 0.43965 0.01770 0.00007 0.26222 0.11245

observation: 6
0.87569 0.29961 0.18821 0.05951 0.03337 0.08324
0.04162 0.19553 0.44148 0.04558 0.12259 0.02447
0.06338 0.09110 0.31425 0.88747 0.16316 0.20804
0.01932 0.41375 0.05606 0.00744 0.07782 0.59872
0.00000 0.00000 0.00000 0.00000 0.03703 0.08536
0.00000 0.00000 0.00000 0.00000 0.56603 0.00017
