initial: 6
0.77720 0.00007 0.08177 0.14096 0.00000 0.00000

transition: 6
0.38400 0.36271 0.18111 0.00465 0.01217 0.05537
0.18443 0.59897 0.19402 0.01946 0.00054 0.00259
0.16188 0.20153 0.01735 0.56802 0.00335 0.04787
0.12131 0.12466 0.07731 0.46116 0.00371 0.21183
0.12244 0.01328 0.00007 0.00049 0.60313 0.26059
0.33163 0.10509 0.00029 0.00000 0.32887 0.23412

observation: 6
0.58415 0.38064 0.26663 0.04530 0.02819 0.04230
0.03347 0.19909 0.41305 0.01320 0.10435 0.07710
0.23619 0.06189 0.25895 0.14372 0.15254 0.24920
0.14271 0.35634 0.01121 0.00646 0.02948 0.52890
0.00347 0.00204 0.05016 0.79133 0.02523 0.07852
0.00000 0.00000 0.00000 0.00000 0.66020 0.02398
