initial: 6
0.69371 0.04074 0.12435 0.14119 0.00000 0.00000

transition: 6
0.43319 0.43133 0.09171 0.00682 0.01750 0.01945
0.18772 0.55505 0.23040 0.01880 0.00300 0.00504
0.18667 0.12687 0.09456 0.56428 0.00919 0.01844
0.23455 0.11571 0.05179 0.49045 0.04566 0.06185
0.04958 0.01707 0.00134 0.00249 0.62056 0.30896
0.33775 0.05468 0.00259 0.00051 0.21334 0.39112

observation: 6
0.45395 0.43742 0.26424 0.04644 0.02685 0.03792
0.06175 0.18988 0.37786 0.02735 0.11451 0.05600
0.21208 0.07668 0.25665 0.15898 0.19083 0.20598
0.26976 0.29474 0.01783 0.02415 0.11686 0.32127
0.00246 0.00128 0.08343 0.74308 0.02404 0.06223
0.00000 0.00000 0.00000 0.00000 0.52690 0.31659
