initial: 6
0.57309 0.42624 0.00002 0.00064 0.00000 0.00000

transition: 6
0.24106 0.47158 0.07104 0.15775 0.03348 0.02510
0.04322 0.40518 0.30363 0.03205 0.05751 0.15842
0.14028 0.03625 0.15723 0.60021 0.05701 0.00903
0.03047 0.07906 0.05690 0.32452 0.43129 0.07776
0.00006 0.00709 0.00624 0.00007 0.50924 0.47730
0.71745 0.00238 0.01879 0.24988 0.01131 0.00018

observation: 6
0.00641 0.32848 0.04969 0.02302 0.31071 0.08906
0.09030 0.42252 0.10912 0.04391 0.00204 0.08109
0.42796 0.15747 0.26038 0.35114 0.30920 0.00254
0.47521 0.08556 0.24057 0.52223 0.00452 0.00016
0.00011 0.00595 0.34024 0.05970 0.00621 0.82716
0.00000 0.00001 0.00000 0.00000 0.36732 0.00000
