initial: 6
0.85396 0.00002 0.00155 0.14447 0.00000 0.00000

transition: 6
0.30965 0.45373 0.12889 0.07921 0.00344 0.02507
0.13831 0.56906 0.25035 0.03892 0.00047 0.00290
0.16258 0.15983 0.24193 0.39628 0.00180 0.03758
0.08954 0.07234 0.05195 0.52560 0.04164 0.21893
0.11871 0.01262 0.00154 0.00176 0.70906 0.15631
0.35241 0.22938 0.01495 0.00074 0.23582 0.16670

observation: 6
0.76284 0.29348 0.21213 0.07068 0.03673 0.06956
0.08136 0.25572 0.28755 0.03882 0.11475 0.02624
0.06830 0.07076 0.38960 0.87034 0.16970 0.13886
0.08743 0.38003 0.11072 0.01986 0.08883 0.65888
0.00006 0.00001 0.00000 0.00030 0.03654 0.09632
0.00000 0.00000 0.00000 0.00000 0.55347 0.01014
