initial: 6
0.00000 0.10443 0.09575 0.21024 0.00000 0.58958

transition: 6
0.20281 0.20616 0.59102 0.00000 0.00000 0.00000
0.01803 0.28711 0.50743 0.00092 0.00000 0.18650
0.49576 0.00635 0.19491 0.30298 0.00000 0.00000
0.20035 0.00031 0.00113 0.59872 0.00000 0.19950
0.00000 0.10241 0.00000 0.00000 0.50311 0.39448
0.39797 0.00004 0.00000 0.00000 0.30344 0.29856

observation: 6
0.49482 0.69742 0.30088 0.10046 0.00010 0.09940
0.00201 0.00271 0.40111 0.09908 0.10287 0.09593
0.00000 0.29825 0.19975 0.19640 0.09873 0.30136
0.50317 0.00162 0.09806 0.00000 0.00379 0.40221
0.00000 0.00000 0.00020 0.60406 0.00207 0.10110
0.00000 0.00000 0.00000 0.00000 0.79244 0.00000
