initial: 6
0.78089 0.00000 0.05022 0.16890 0.00000 0.00000

transition: 6
0.24409 0.19295 0.40789 0.04446 0.00008 0.11054
0.04296 0.38903 0.53170 0.03632 0.00000 0.00000
0.07503 0.57190 0.02136 0.33032 0.00000 0.00139
0.04844 0.15015 0.00136 0.56851 0.00120 0.23033
0.10713 0.00005 0.00000 0.00000 0.60497 0.28785
0.05021 0.43744 0.00203 0.00000 0.32390 0.18642

observation: 6
0.94823 0.40473 0.24267 0.06786 0.02242 0.09031
0.01702 0.05591 0.49094 0.09074 0.11082 0.07133
0.02229 0.04031 0.25042 0.83984 0.11583 0.32747
0.01247 0.49906 0.01597 0.00156 0.07179 0.41717
0.00000 0.00000 0.00000 0.00000 0.02404 0.09372
0.00000 0.00000 0.00000 0.00000 0.65509 0.00000
