initial: 6
0.48771 0.51229 0.00000 0.00000 0.00000 0.00000

transition: 6
0.25551 0.40202 0.02368 0.31414 0.00220 0.00244
0.01438 0.50095 0.20685 0.00150 0.00140 0.27492
0.02441 0.00737 0.20101 0.75951 0.00354 0.00416
0.00144 0.01465 0.01500 0.24103 0.52828 0.19959
0.00000 0.00000 0.00000 0.00000 0.50145 0.49855
0.80278 0.00042 0.01878 0.17799 0.00004 0.00000

observation: 6
0.00028 0.29764 0.01438 0.10056 0.29871 0.09610
0.07748 0.40253 0.00320 0.09796 0.00001 0.09820
0.42230 0.19666 0.45471 0.29550 0.30242 0.00000
0.49994 0.10316 0.46566 0.40566 0.00000 0.00000
0.00000 0.00000 0.06205 0.10033 0.00005 0.80571
0.00000 0.00000 0.00000 0.00000 0.39881 0.00000
