initial: 6
0.78580 0.00000 0.05089 0.16330 0.00000 0.00000

transition: 6
0.23791 0.21993 0.39261 0.05425 0.00027 0.09504
0.06406 0.39370 0.50773 0.03450 0.00000 0.00000
0.09522 0.56225 0.01278 0.32669 0.00000 0.00306
0.05951 0.12508 0.00267 0.56482 0.00257 0.24534
0.10655 0.00011 0.00000 0.00000 0.62298 0.27035
0.06914 0.44267 0.00493 0.00000 0.31997 0.16328

observation: 6
0.94427 0.38329 0.22427 0.06337 0.02563 0.08922
0.01670 0.06191 0.50481 0.08700 0.11210 0.06642
0.02603 0.04898 0.25838 0.84723 0.12113 0.32821
0.01301 0.50582 0.01254 0.00240 0.07978 0.42519
0.00000 0.00000 0.00000 0.00000 0.02760 0.09095
0.00000 0.00000 0.00000 0.00000 0.63376 0.00000
