initial: 6
0.77954 0.00000 0.08022 0.14024 0.00000 0.00000

transition: 6
0.37601 0.34156 0.20036 0.00436 0.00905 0.06865
0.18935 0.59158 0.19578 0.02120 0.00030 0.00179
0.13955 0.24229 0.01143 0.54407 0.00334 0.05933
0.09927 0.13228 0.07986 0.46295 0.00330 0.22234
0.11784 0.00988 0.00003 0.00025 0.59978 0.27222
0.30291 0.14905 0.00021 0.00000 0.32205 0.22578

observation: 6
0.62137 0.36817 0.25922 0.04759 0.02720 0.05045
0.02914 0.19503 0.42410 0.01044 0.10518 0.07451
0.23929 0.05862 0.26030 0.14423 0.15194 0.25020
0.10665 0.37592 0.01065 0.00339 0.02526 0.53106
0.00355 0.00227 0.04572 0.79436 0.02512 0.08135
0.00000 0.00000 0.00000 0.00000 0.66530 0.01243
