initial: 6
0.48869 0.51131 0.00000 0.00000 0.00000 0.00000

transition: 6
0.24833 0.40190 0.02809 0.31552 0.00345 0.00272
0.01811 0.49717 0.20937 0.00243 0.00286 0.27006
0.03484 0.01054 0.18454 0.75967 0.00574 0.00467
0.00203 0.01856 0.01763 0.24339 0.52420 0.19419
0.00000 0.00002 0.00000 0.00000 0.50193 0.49805
0.81128 0.00053 0.01389 0.17413 0.00017 0.00000

observation: 6
0.00041 0.29817 0.01757 0.09820 0.29934 0.09531
0.07685 0.40372 0.00552 0.09663 0.00003 0.09744
0.42281 0.19610 0.44613 0.29604 0.30222 0.00000
0.49994 0.10199 0.45451 0.40849 0.00000 0.00000
0.00000 0.00001 0.07626 0.10064 0.00014 0.80724
0.00000 0.00000 0.00000 0.00000 0.39827 0.00000
