initial: 6
0.01229 0.15394 0.07222 0.19484 0.00000 0.56671

transition: 6
0.17088 0.53426 0.28371 0.00059 0.00321 0.00734
0.14217 0.46264 0.26321 0.08015 0.00001 0.05182
0.55550 0.04368 0.02384 0.36832 0.00248 0.00618
0.18799 0.02714 0.03054 0.56706 0.00160 0.18568
0.01403 0.10154 0.00000 0.00000 0.53938 0.34506
0.39395 0.02088 0.00002 0.00000 0.34925 0.23590

observation: 6
0.44203 0.56274 0.16398 0.09036 0.01537 0.09283
0.01046 0.11414 0.54308 0.07496 0.10001 0.07832
0.01138 0.17856 0.23503 0.18442 0.11071 0.33421
0.53555 0.14430 0.03234 0.00002 0.02813 0.38977
0.00058 0.00026 0.02558 0.65025 0.00678 0.10487
0.00000 0.00000 0.00000 0.00000 0.73900 0.00000
