initial: 6
0.77620 0.00000 0.08002 0.14378 0.00000 0.00000

transition: 6
0.33838 0.27681 0.27887 0.00445 0.00345 0.09804
0.21540 0.49629 0.26149 0.02633 0.00005 0.00045
0.06988 0.44458 0.00384 0.42388 0.00263 0.05519
0.05962 0.14567 0.07887 0.48600 0.00265 0.22719
0.10413 0.00349 0.00000 0.00001 0.58198 0.31038
0.17957 0.28065 0.00008 0.00000 0.31601 0.22368

observation: 6
0.69198 0.37571 0.22662 0.06296 0.02218 0.07505
0.02018 0.14597 0.47455 0.00963 0.10790 0.07013
0.25322 0.03988 0.25900 0.15500 0.14445 0.26442
0.03156 0.43626 0.00601 0.00034 0.01968 0.49533
0.00307 0.00218 0.03382 0.77208 0.01822 0.09289
0.00000 0.00000 0.00000 0.00000 0.68756 0.00219
