initial: 6
0.54922 0.45069 0.00000 0.00009 0.00000 0.00000

transition: 6
0.22923 0.45969 0.05980 0.21467 0.02163 0.01498
0.03971 0.42384 0.26849 0.02563 0.04836 0.19397
0.12730 0.03387 0.14940 0.62691 0.05423 0.00829
0.01720 0.06351 0.04687 0.31508 0.45577 0.10157
0.00001 0.00329 0.00172 0.00001 0.50910 0.48588
0.77783 0.00155 0.01271 0.20073 0.00716 0.00002

observation: 6
0.00358 0.31839 0.05507 0.03157 0.31126 0.09320
0.08407 0.41954 0.08448 0.05501 0.00120 0.08880
0.43068 0.16586 0.30369 0.33137 0.30771 0.00043
0.48166 0.09310 0.26447 0.50212 0.00146 0.00001
0.00002 0.00311 0.29229 0.07994 0.00448 0.81756
0.00000 0.00000 0.00000 0.00000 0.37389 0.00000
