initial: 6
0.48749 0.51251 0.00000 0.00000 0.00000 0.00000

transition: 6
0.25953 0.40316 0.02101 0.31237 0.00161 0.00232
0.01245 0.50261 0.20557 0.00110 0.00088 0.27739
0.01943 0.00588 0.20831 0.75988 0.00260 0.00389
0.00117 0.01271 0.01343 0.24078 0.52998 0.20194
0.00000 0.00000 0.00000 0.00000 0.50125 0.49875
0.79647 0.00036 0.02344 0.17971 0.00002 0.00000

observation: 6
0.00023 0.29738 0.01310 0.10133 0.29849 0.09646
0.07801 0.40183 0.00226 0.09844 0.00000 0.09856
0.42188 0.19700 0.45897 0.29543 0.30250 0.00000
0.49988 0.10379 0.47081 0.40467 0.00000 0.00000
0.00000 0.00000 0.05486 0.10013 0.00002 0.80498
0.00000 0.00000 0.00000 0.00000 0.39898 0.00000
