initial: 6
0.49236 0.50764 0.00000 0.00000 0.00000 0.00000

transition: 6
0.27544 0.42721 0.01147 0.28343 0.00025 0.00221
0.00666 0.50509 0.20048 0.00023 0.00006 0.28748
0.00718 0.00187 0.21675 0.77060 0.00051 0.00308
0.00046 0.00670 0.00791 0.24734 0.53135 0.20624
0.00000 0.00000 0.00000 0.00000 0.50088 0.49912
0.73532 0.00019 0.08002 0.18447 0.00000 0.00000

observation: 6
0.00013 0.29745 0.00934 0.10169 0.29820 0.09725
0.08396 0.39899 0.00025 0.09938 0.00000 0.09947
0.41680 0.19840 0.47671 0.29591 0.30256 0.00000
0.49911 0.10515 0.48842 0.40357 0.00000 0.00000
0.00000 0.00000 0.02529 0.09945 0.00000 0.80329
0.00000 0.00000 0.00000 0.00000 0.39924 0.00000
