initial: 6
0.75477 0.00000 0.06393 0.18130 0.00000 0.00000

transition: 6
0.30089 0.08672 0.44426 0.00828 0.00000 0.15986
0.22339 0.27451 0.49007 0.01201 0.00000 0.00002
0.01281 0.56048 0.08627 0.33842 0.00008 0.00194
0.00554 0.20827 0.00094 0.58967 0.00004 0.19554
0.10751 0.00001 0.00000 0.00000 0.51479 0.37768
0.01265 0.39417 0.00000 0.00000 0.31637 0.27682

observation: 6
0.67722 0.47364 0.27282 0.09535 0.00587 0.09462
0.01663 0.03381 0.44027 0.09323 0.10552 0.08521
0.30063 0.00401 0.21015 0.19474 0.09803 0.30823
0.00533 0.48849 0.07328 0.00000 0.01026 0.41094
0.00019 0.00005 0.00347 0.61669 0.00343 0.10100
0.00000 0.00000 0.00000 0.00000 0.77689 0.00000
