initial: 6
0.74453 0.00000 0.07442 0.18105 0.00000 0.00000

transition: 6
0.30613 0.06486 0.42941 0.00928 0.00000 0.19032
0.00265 0.32518 0.64147 0.03070 0.00000 0.00000
0.00908 0.56112 0.11781 0.31194 0.00000 0.00004
0.00874 0.20263 0.00009 0.58407 0.00007 0.20439
0.10662 0.00000 0.00000 0.00000 0.53519 0.35818
0.00522 0.41577 0.00001 0.00000 0.31561 0.26338

observation: 6
0.97808 0.48104 0.27124 0.08468 0.00934 0.09407
0.00760 0.02038 0.45154 0.09616 0.10650 0.08865
0.00779 0.01712 0.22225 0.81901 0.09637 0.31750
0.00653 0.48146 0.05497 0.00014 0.03298 0.40005
0.00000 0.00000 0.00000 0.00000 0.00977 0.09974
0.00000 0.00000 0.00000 0.00000 0.74504 0.00000
