initial: 6
0.00002 0.15309 0.05885 0.20895 0.00000 0.57909

transition: 6
0.17152 0.42555 0.40271 0.00010 0.00002 0.00010
0.14793 0.38357 0.28912 0.08983 0.00000 0.08955
0.53251 0.02167 0.10993 0.33586 0.00001 0.00001
0.19796 0.00977 0.00387 0.59540 0.00002 0.19298
0.00034 0.11064 0.00000 0.00000 0.51906 0.36996
0.40212 0.00305 0.00000 0.00000 0.32180 0.27303

observation: 6
0.47474 0.61750 0.19627 0.10114 0.00954 0.09505
0.00721 0.06442 0.51465 0.09462 0.09852 0.09099
0.00029 0.23575 0.18540 0.19497 0.10752 0.31078
0.51772 0.08230 0.10094 0.00000 0.01286 0.39930
0.00004 0.00004 0.00274 0.60927 0.00266 0.10388
0.00000 0.00000 0.00000 0.00000 0.76890 0.00000
