initial: 6
0.00000 0.10428 0.09586 0.21025 0.00000 0.58962

transition: 6
0.20279 0.20577 0.59143 0.00000 0.00001 0.00000
0.01713 0.28711 0.50813 0.00080 0.00000 0.18683
0.49574 0.00627 0.19514 0.30285 0.00000 0.00000
0.20036 0.00028 0.00111 0.59873 0.00000 0.19952
0.00000 0.10235 0.00000 0.00000 0.50304 0.39461
0.39794 0.00003 0.00000 0.00000 0.30336 0.29866

observation: 6
0.49488 0.69768 0.30104 0.10046 0.00008 0.09943
0.00198 0.00256 0.40091 0.09911 0.10289 0.09593
0.00000 0.29829 0.19980 0.19641 0.09870 0.30135
0.50314 0.00147 0.09806 0.00000 0.00373 0.40220
0.00000 0.00000 0.00019 0.60402 0.00207 0.10109
0.00000 0.00000 0.00000 0.00000 0.79253 0.00000
