initial: 6
0.00000 0.10627 0.09450 0.21014 0.00000 0.58908

transition: 6
0.20298 0.21086 0.58615 0.00000 0.00000 0.00000
0.02775 0.28754 0.49935 0.00281 0.00000 0.18255
0.49611 0.00720 0.19227 0.30443 0.00000 0.00000
0.20035 0.00062 0.00123 0.59861 0.00000 0.19918
0.00000 0.10312 0.00000 0.00000 0.50385 0.39303
0.39827 0.00008 0.00000 0.00000 0.30425 0.29740

observation: 6
0.49416 0.69452 0.29889 0.10046 0.00042 0.09894
0.00239 0.00451 0.40354 0.09875 0.10255 0.09595
0.00001 0.29758 0.19917 0.19635 0.09915 0.30144
0.50344 0.00339 0.09813 0.00000 0.00438 0.40237
0.00000 0.00000 0.00027 0.60443 0.00208 0.10130
0.00000 0.00000 0.00000 0.00000 0.79141 0.00000
