initial: 6
0.71960 0.00025 0.09217 0.18798 0.00000 0.00000

transition: 6
0.30853 0.00239 0.49151 0.00068 0.00000 0.19689
0.00074 0.20243 0.79432 0.00251 0.00000 0.00000
0.00069 0.50092 0.19970 0.29868 0.00000 0.00000
0.00010 0.20155 0.00001 0.59736 0.00000 0.20098
0.10489 0.00000 0.00000 0.00000 0.50041 0.39469
0.00012 0.39595 0.00000 0.00000 0.30098 0.30295

observation: 6
0.99558 0.49800 0.29757 0.09811 0.00089 0.09886
0.00225 0.00049 0.40114 0.09959 0.10432 0.09721
0.00216 0.00276 0.20036 0.80229 0.09120 0.30934
0.00000 0.49874 0.10093 0.00000 0.00644 0.39559
0.00000 0.00000 0.00001 0.00000 0.00275 0.09900
0.00000 0.00000 0.00000 0.00000 0.79440 0.00000
