initial: 6
0.71979 0.00279 0.09015 0.18727 0.00000 0.00000

transition: 6
0.29562 0.01180 0.50306 0.00099 0.00000 0.18852
0.20043 0.20256 0.59678 0.00011 0.00010 0.00001
0.00333 0.49741 0.19830 0.30084 0.00000 0.00012
0.00020 0.20205 0.00019 0.59748 0.00000 0.20009
0.10735 0.00000 0.00000 0.00000 0.50136 0.39129
0.00064 0.39444 0.00000 0.00000 0.30456 0.30035

observation: 6
0.69520 0.49727 0.30154 0.10006 0.00036 0.09781
0.00188 0.00145 0.39959 0.09919 0.10265 0.09720
0.30290 0.00033 0.20029 0.19604 0.09785 0.30210
0.00002 0.50095 0.09840 0.00000 0.00201 0.40381
0.00000 0.00000 0.00018 0.60471 0.00293 0.09907
0.00000 0.00000 0.00000 0.00000 0.79420 0.00000
