initial: 6
0.00000 0.10625 0.09451 0.21014 0.00000 0.58909

transition: 6
0.20298 0.21081 0.58621 0.00000 0.00000 0.00000
0.02765 0.28753 0.49944 0.00278 0.00000 0.18260
0.49610 0.00719 0.19230 0.30441 0.00000 0.00000
0.20035 0.00062 0.00123 0.59861 0.00000 0.19919
0.00000 0.10311 0.00000 0.00000 0.50384 0.39305
0.39827 0.00008 0.00000 0.00000 0.30424 0.29741

observation: 6
0.49416 0.69455 0.29892 0.10046 0.00042 0.09895
0.00239 0.00449 0.40351 0.09875 0.10256 0.09595
0.00001 0.29759 0.19917 0.19635 0.09915 0.30144
0.50344 0.00337 0.09812 0.00000 0.00437 0.40236
0.00000 0.00000 0.00027 0.60443 0.00208 0.10130
0.00000 0.00000 0.00000 0.00000 0.79142 0.00000
