initial: 6
0.71978 0.00008 0.09238 0.18776 0.00000 0.00000

transition: 6
0.30837 0.00359 0.49011 0.00100 0.00000 0.19692
0.00064 0.20459 0.79110 0.00368 0.00000 0.00000
0.00089 0.50246 0.19797 0.29867 0.00000 0.00000
0.00023 0.20166 0.00001 0.59702 0.00000 0.20109
0.10488 0.00000 0.00000 0.00000 0.50175 0.39337
0.00019 0.39677 0.00000 0.00000 0.30142 0.30161

observation: 6
0.99557 0.49760 0.29734 0.09783 0.00125 0.09872
0.00218 0.00088 0.40216 0.09949 0.10438 0.09700
0.00223 0.00329 0.20022 0.80267 0.09132 0.30965
0.00002 0.49823 0.10029 0.00000 0.00759 0.39561
0.00000 0.00000 0.00000 0.00000 0.00302 0.09902
0.00000 0.00000 0.00000 0.00000 0.79244 0.00000
