initial: 6
0.49560 0.50440 0.00000 0.00000 0.00000 0.00000

transition: 6
0.27929 0.44047 0.01005 0.26780 0.00014 0.00225
0.00579 0.50446 0.19949 0.00015 0.00003 0.29008
0.00577 0.00138 0.21536 0.77409 0.00034 0.00307
0.00038 0.00568 0.00708 0.25037 0.53031 0.20617
0.00000 0.00000 0.00000 0.00000 0.50089 0.49911
0.70819 0.00016 0.10608 0.18558 0.00000 0.00000

observation: 6
0.00011 0.29795 0.00823 0.10139 0.29821 0.09737
0.08689 0.39843 0.00012 0.09964 0.00000 0.09962
0.41433 0.19868 0.48068 0.29584 0.30259 0.00000
0.49867 0.10494 0.49243 0.40360 0.00000 0.00000
0.00000 0.00000 0.01853 0.09952 0.00000 0.80301
0.00000 0.00000 0.00000 0.00000 0.39920 0.00000
