initial: 6
0.73659 0.00000 0.08060 0.18280 0.00000 0.00000

transition: 6
0.30818 0.04735 0.44376 0.00651 0.00000 0.19419
0.00164 0.29744 0.67479 0.02613 0.00000 0.00000
0.00580 0.54839 0.13769 0.30809 0.00000 0.00002
0.00570 0.20389 0.00006 0.58733 0.00004 0.20298
0.10602 0.00000 0.00000 0.00000 0.52576 0.36822
0.00310 0.41083 0.00000 0.00000 0.31200 0.27407

observation: 6
0.98413 0.48678 0.27781 0.08822 0.00738 0.09518
0.00534 0.01462 0.43997 0.09713 0.10575 0.09120
0.00586 0.01370 0.21546 0.81457 0.09406 0.31579
0.00466 0.48490 0.06675 0.00008 0.02670 0.39809
0.00000 0.00000 0.00000 0.00000 0.00783 0.09975
0.00000 0.00000 0.00000 0.00000 0.75828 0.00000
