initial: 6
0.78975 0.00000 0.05170 0.15855 0.00000 0.00000

transition: 6
0.23941 0.23578 0.37942 0.05905 0.00053 0.08581
0.07859 0.40180 0.48654 0.03307 0.00000 0.00001
0.10903 0.55406 0.00949 0.32219 0.00002 0.00521
0.06595 0.10605 0.00420 0.56275 0.00446 0.25659
0.10625 0.00020 0.00000 0.00000 0.63479 0.25876
0.08415 0.44519 0.00822 0.00000 0.31556 0.14688

observation: 6
0.94095 0.37027 0.20574 0.06028 0.02764 0.08801
0.01668 0.06635 0.51733 0.08265 0.11346 0.06191
0.02895 0.05669 0.26545 0.85389 0.12541 0.32548
0.01342 0.50669 0.01148 0.00318 0.08348 0.43524
0.00000 0.00000 0.00000 0.00000 0.02976 0.08936
0.00000 0.00000 0.00000 0.00000 0.62025 0.00000
