initial: 6
0.77448 0.00000 0.07717 0.14835 0.00000 0.00000

transition: 6
0.32423 0.24573 0.31525 0.00513 0.00219 0.10748
0.22458 0.44014 0.30708 0.02789 0.00003 0.00028
0.05305 0.51914 0.00330 0.38223 0.00211 0.04017
0.04821 0.15462 0.07165 0.50310 0.00199 0.22043
0.10301 0.00217 0.00000 0.00000 0.57050 0.32431
0.13829 0.31165 0.00005 0.00000 0.32301 0.22700

observation: 6
0.69921 0.39406 0.21801 0.06994 0.01962 0.08083
0.01796 0.11454 0.49382 0.01673 0.10781 0.07292
0.26045 0.02959 0.25327 0.16519 0.13752 0.27381
0.01962 0.45986 0.00496 0.00012 0.01879 0.47429
0.00276 0.00195 0.02995 0.74803 0.01489 0.09707
0.00000 0.00000 0.00000 0.00000 0.70136 0.00108
