initial: 6
0.48808 0.51192 0.00000 0.00000 0.00000 0.00000

transition: 6
0.25221 0.40171 0.02578 0.31499 0.00275 0.00255
0.01605 0.49935 0.20797 0.00189 0.00198 0.27276
0.02899 0.00875 0.19378 0.75962 0.00446 0.00439
0.00170 0.01638 0.01625 0.24184 0.52654 0.19728
0.00000 0.00001 0.00000 0.00000 0.50165 0.49834
0.80699 0.00047 0.01612 0.17634 0.00009 0.00000

observation: 6
0.00033 0.29788 0.01568 0.09964 0.29896 0.09575
0.07715 0.40309 0.00415 0.09743 0.00002 0.09786
0.42256 0.19640 0.45096 0.29568 0.30234 0.00000
0.49996 0.10262 0.46089 0.40677 0.00000 0.00000
0.00000 0.00001 0.06832 0.10048 0.00008 0.80639
0.00000 0.00000 0.00000 0.00000 0.39861 0.00000
