initial: 6
0.72186 0.00000 0.09123 0.18691 0.00000 0.00000

transition: 6
0.30824 0.01067 0.48210 0.00217 0.00000 0.19682
0.00063 0.21984 0.77048 0.00905 0.00000 0.00000
0.00168 0.51150 0.18705 0.29977 0.00000 0.00000
0.00103 0.20247 0.00001 0.59521 0.00000 0.20127
0.10498 0.00000 0.00000 0.00000 0.50681 0.38821
0.00056 0.39994 0.00000 0.00000 0.30355 0.29595

observation: 6
0.99440 0.49573 0.29468 0.09614 0.00270 0.09795
0.00235 0.00316 0.40855 0.09908 0.10460 0.09592
0.00273 0.00556 0.20137 0.80477 0.09150 0.31112
0.00052 0.49555 0.09540 0.00001 0.01198 0.39583
0.00000 0.00000 0.00000 0.00000 0.00402 0.09918
0.00000 0.00000 0.00000 0.00000 0.78520 0.00000
