initial: 6
0.72724 0.00125 0.08567 0.18584 0.00000 0.00000

transition: 6
0.29599 0.02607 0.49167 0.00332 0.00000 0.18296
0.20533 0.21032 0.58312 0.00122 0.00000 0.00001
0.00519 0.50381 0.18598 0.30468 0.00000 0.00034
0.00100 0.20302 0.00016 0.59643 0.00000 0.19939
0.10765 0.00000 0.00000 0.00000 0.50370 0.38864
0.00221 0.39457 0.00000 0.00000 0.30683 0.29639

observation: 6
0.69233 0.49399 0.29744 0.09940 0.00176 0.09678
0.00410 0.00511 0.40517 0.09807 0.10246 0.09613
0.30228 0.00095 0.20074 0.19563 0.09760 0.30333
0.00127 0.49994 0.09613 0.00000 0.00429 0.40416
0.00002 0.00000 0.00053 0.60690 0.00267 0.09960
0.00000 0.00000 0.00000 0.00000 0.79121 0.00000
