initial: 6
0.71913 0.00269 0.09080 0.18738 0.00000 0.00000

transition: 6
0.29570 0.01032 0.50433 0.00075 0.00000 0.18889
0.19984 0.20204 0.59785 0.00006 0.00021 0.00001
0.00307 0.49699 0.19940 0.30046 0.00000 0.00008
0.00012 0.20207 0.00023 0.59754 0.00000 0.20004
0.10737 0.00000 0.00000 0.00000 0.50100 0.39164
0.00047 0.39456 0.00000 0.00000 0.30435 0.30062

observation: 6
0.69546 0.49762 0.30188 0.10011 0.00022 0.09766
0.00163 0.00113 0.39908 0.09927 0.10269 0.09731
0.30290 0.00026 0.20032 0.19611 0.09782 0.30217
0.00000 0.50099 0.09856 0.00000 0.00164 0.40378
0.00000 0.00000 0.00015 0.60452 0.00294 0.09908
0.00000 0.00000 0.00000 0.00000 0.79469 0.00000
