initial: 6
0.00000 0.13160 0.07455 0.20952 0.00000 0.58432

transition: 6
0.19581 0.30147 0.50268 0.00003 0.00000 0.00000
0.11683 0.31833 0.38179 0.05452 0.00000 0.12853
0.50993 0.01506 0.15589 0.31912 0.00000 0.00000
0.20049 0.00388 0.00203 0.59791 0.00000 0.19568
0.00001 0.10801 0.00000 0.00000 0.51071 0.38126
0.40061 0.00072 0.00000 0.00000 0.31246 0.28621

observation: 6
0.48694 0.65981 0.25508 0.10137 0.00549 0.09508
0.00494 0.03134 0.45101 0.09659 0.09976 0.09499
0.00005 0.27543 0.18878 0.19630 0.10354 0.30438
0.50806 0.03340 0.10415 0.00000 0.00786 0.40281
0.00001 0.00002 0.00098 0.60573 0.00201 0.10273
0.00000 0.00000 0.00000 0.00000 0.78133 0.00000
