initial: 6
0.72382 0.00000 0.08988 0.18630 0.00000 0.00000

transition: 6
0.30837 0.01611 0.47604 0.00282 0.00000 0.19667
0.00072 0.23237 0.75449 0.01243 0.00000 0.00000
0.00219 0.51804 0.17875 0.30102 0.00000 0.00000
0.00165 0.20302 0.00002 0.59392 0.00000 0.20138
0.10510 0.00000 0.00000 0.00000 0.50981 0.38509
0.00084 0.40176 0.00000 0.00000 0.30494 0.29247

observation: 6
0.99315 0.49450 0.29219 0.09491 0.00355 0.09743
0.00263 0.00488 0.41357 0.09883 0.10475 0.09519
0.00313 0.00696 0.20306 0.80625 0.09161 0.31204
0.00109 0.49366 0.09118 0.00002 0.01453 0.39602
0.00000 0.00000 0.00000 0.00000 0.00461 0.09931
0.00000 0.00000 0.00000 0.00000 0.78095 0.00000
