initial: 6
0.73546 0.00006 0.08006 0.18441 0.00000 0.00000

transition: 6
0.29724 0.04168 0.47891 0.00549 0.00000 0.17667
0.21060 0.22304 0.56314 0.00321 0.00000 0.00001
0.00684 0.51452 0.16726 0.31079 0.00000 0.00058
0.00186 0.20465 0.00022 0.59501 0.00000 0.19826
0.10788 0.00000 0.00000 0.00000 0.50582 0.38629
0.00406 0.39458 0.00000 0.00000 0.30929 0.29207

observation: 6
0.68858 0.48993 0.29175 0.09854 0.00299 0.09573
0.00718 0.01043 0.41305 0.09676 0.10267 0.09427
0.30166 0.00164 0.20212 0.19536 0.09707 0.30505
0.00253 0.49799 0.09208 0.00000 0.00601 0.40496
0.00005 0.00001 0.00100 0.60934 0.00261 0.10000
0.00000 0.00000 0.00000 0.00000 0.78864 0.00000
