initial: 6
0.71832 0.00256 0.09162 0.18750 0.00000 0.00000

transition: 6
0.29582 0.00863 0.50578 0.00046 0.00000 0.18932
0.19914 0.20151 0.59900 0.00001 0.00034 0.00001
0.00272 0.49652 0.20071 0.30001 0.00000 0.00003
0.00004 0.20205 0.00041 0.59754 0.00000 0.19995
0.10739 0.00000 0.00000 0.00000 0.50049 0.39212
0.00026 0.39461 0.00000 0.00000 0.30413 0.30100

observation: 6
0.69580 0.49804 0.30225 0.10015 0.00008 0.09746
0.00130 0.00073 0.39855 0.09933 0.10277 0.09741
0.30290 0.00018 0.20039 0.19619 0.09775 0.30225
0.00000 0.50104 0.09872 0.00000 0.00112 0.40378
0.00000 0.00000 0.00011 0.60434 0.00291 0.09910
0.00000 0.00000 0.00000 0.00000 0.79538 0.00000
