initial: 6
0.03158 0.13474 0.08873 0.18572 0.00000 0.55922

transition: 6
0.18564 0.53109 0.26411 0.00076 0.00668 0.01173
0.14550 0.47397 0.27424 0.06745 0.00002 0.03882
0.54413 0.04874 0.01889 0.37193 0.00395 0.01235
0.18730 0.03353 0.05027 0.54584 0.00266 0.18040
0.02619 0.09241 0.00002 0.00001 0.54425 0.33712
0.38493 0.02964 0.00005 0.00000 0.36058 0.22480

observation: 6
0.42160 0.56369 0.16266 0.08713 0.01553 0.09108
0.01399 0.12265 0.52793 0.05682 0.09888 0.07820
0.02275 0.16437 0.25352 0.17705 0.11062 0.34472
0.54077 0.14890 0.01739 0.00007 0.03413 0.38161
0.00090 0.00038 0.03850 0.67892 0.00896 0.10437
0.00000 0.00000 0.00000 0.00000 0.73188 0.00002
