initial: 6
0.82283 0.00000 0.02619 0.15097 0.00000 0.00000

transition: 6
0.24301 0.29076 0.34482 0.06067 0.00221 0.05853
0.10378 0.51268 0.35430 0.02918 0.00000 0.00005
0.17480 0.44770 0.01169 0.34030 0.00023 0.02527
0.08015 0.05937 0.01236 0.55667 0.01892 0.27252
0.10867 0.00081 0.00000 0.00001 0.66925 0.22125
0.13398 0.44718 0.01895 0.00002 0.28838 0.11149

observation: 6
0.91320 0.32916 0.15662 0.05675 0.03170 0.08561
0.02665 0.11952 0.52875 0.05461 0.12060 0.03791
0.04384 0.08725 0.29223 0.88171 0.14778 0.27049
0.01631 0.46408 0.02240 0.00693 0.08179 0.51888
0.00000 0.00000 0.00000 0.00000 0.03502 0.08709
0.00000 0.00000 0.00000 0.00000 0.58311 0.00001
