initial: 6
0.00002 0.15326 0.05874 0.20894 0.00000 0.57903

transition: 6
0.17123 0.42679 0.40176 0.00010 0.00002 0.00011
0.14794 0.38434 0.28848 0.08998 0.00000 0.08926
0.53277 0.02176 0.10935 0.33609 0.00001 0.00001
0.19792 0.00985 0.00390 0.59536 0.00002 0.19295
0.00035 0.11065 0.00000 0.00000 0.51916 0.36984
0.40212 0.00309 0.00000 0.00000 0.32191 0.27288

observation: 6
0.47457 0.61702 0.19578 0.10112 0.00957 0.09506
0.00724 0.06480 0.51520 0.09460 0.09851 0.09093
0.00030 0.23532 0.18547 0.19494 0.10755 0.31086
0.51786 0.08281 0.10078 0.00000 0.01293 0.39925
0.00004 0.00004 0.00277 0.60935 0.00267 0.10390
0.00000 0.00000 0.00000 0.00000 0.76876 0.00000
