initial: 6
0.49224 0.50776 0.00000 0.00000 0.00000 0.00000

transition: 6
0.27528 0.42671 0.01154 0.28402 0.00025 0.00220
0.00670 0.50510 0.20053 0.00024 0.00006 0.28737
0.00725 0.00190 0.21680 0.77045 0.00052 0.00308
0.00047 0.00675 0.00795 0.24723 0.53137 0.20623
0.00000 0.00000 0.00000 0.00000 0.50088 0.49912
0.73639 0.00019 0.07899 0.18443 0.00000 0.00000

observation: 6
0.00013 0.29744 0.00938 0.10170 0.29820 0.09724
0.08384 0.39902 0.00026 0.09937 0.00000 0.09946
0.41690 0.19839 0.47652 0.29591 0.30256 0.00000
0.49912 0.10515 0.48824 0.40357 0.00000 0.00000
0.00000 0.00000 0.02560 0.09945 0.00000 0.80330
0.00000 0.00000 0.00000 0.00000 0.39924 0.00000
