initial: 6
0.00000 0.10550 0.09503 0.21018 0.00000 0.58929

transition: 6
0.20293 0.20885 0.58821 0.00000 0.00000 0.00000
0.02380 0.28729 0.50275 0.00193 0.00000 0.18423
0.49594 0.00686 0.19337 0.30384 0.00000 0.00000
0.20035 0.00050 0.00119 0.59865 0.00000 0.19931
0.00000 0.10284 0.00000 0.00000 0.50355 0.39361
0.39815 0.00006 0.00000 0.00000 0.30392 0.29787

observation: 6
0.49442 0.69572 0.29975 0.10046 0.00027 0.09914
0.00224 0.00375 0.40251 0.09888 0.10268 0.09594
0.00000 0.29789 0.19942 0.19637 0.09898 0.30140
0.50333 0.00264 0.09808 0.00000 0.00416 0.40229
0.00000 0.00000 0.00024 0.60429 0.00208 0.10122
0.00000 0.00000 0.00000 0.00000 0.79182 0.00000
