initial: 6
0.71959 0.00052 0.09169 0.18819 0.00000 0.00000

transition: 6
0.30877 0.00125 0.49305 0.00027 0.00000 0.19666
0.00083 0.20082 0.79721 0.00113 0.00000 0.00000
0.00036 0.49953 0.20134 0.29876 0.00000 0.00000
0.00001 0.20166 0.00001 0.59773 0.00000 0.20060
0.10494 0.00000 0.00000 0.00000 0.49851 0.39655
0.00004 0.39484 0.00000 0.00000 0.30084 0.30429

observation: 6
0.99543 0.49847 0.29766 0.09827 0.00041 0.09894
0.00245 0.00013 0.40010 0.09972 0.10421 0.09740
0.00212 0.00210 0.20082 0.80201 0.09090 0.30901
0.00000 0.49924 0.10136 0.00000 0.00477 0.39577
0.00000 0.00006 0.00005 0.00000 0.00239 0.09888
0.00000 0.00000 0.00000 0.00000 0.79732 0.00000
