initial: 6
0.50587 0.49413 0.00000 0.00000 0.00000 0.00000

transition: 6
0.28878 0.48942 0.00775 0.21193 0.00001 0.00211
0.00363 0.50145 0.19863 0.00004 0.00000 0.29624
0.00312 0.00060 0.21037 0.78207 0.00010 0.00373
0.00021 0.00324 0.00547 0.26506 0.52259 0.20344
0.00000 0.00000 0.00000 0.00000 0.50092 0.49908
0.62478 0.00006 0.18533 0.18983 0.00000 0.00000

observation: 6
0.00006 0.29968 0.00448 0.10067 0.29833 0.09785
0.09691 0.39706 0.00001 0.10098 0.00000 0.10024
0.40664 0.19952 0.48668 0.29541 0.30260 0.00000
0.49639 0.10373 0.50251 0.40307 0.00000 0.00000
0.00000 0.00000 0.00632 0.09988 0.00000 0.80191
0.00000 0.00000 0.00000 0.00000 0.39906 0.00000
