initial: 6
0.71960 0.00047 0.09180 0.18813 0.00000 0.00000

transition: 6
0.30869 0.00161 0.49260 0.00041 0.00000 0.19670
0.00079 0.20134 0.79628 0.00159 0.00000 0.00000
0.00048 0.49997 0.20087 0.29868 0.00000 0.00000
0.00003 0.20164 0.00001 0.59760 0.00000 0.20072
0.10493 0.00000 0.00000 0.00000 0.49917 0.39591
0.00007 0.39524 0.00000 0.00000 0.30096 0.30374

observation: 6
0.99548 0.49834 0.29763 0.09818 0.00058 0.09891
0.00239 0.00024 0.40041 0.09967 0.10424 0.09737
0.00213 0.00232 0.20066 0.80214 0.09100 0.30913
0.00000 0.49910 0.10122 0.00000 0.00537 0.39567
0.00000 0.00000 0.00008 0.00000 0.00252 0.09892
0.00000 0.00000 0.00000 0.00000 0.79628 0.00000
