initial: 6
0.00000 0.10451 0.09570 0.21024 0.00000 0.58956

transition: 6
0.20282 0.20635 0.59082 0.00000 0.00000 0.00000
0.01846 0.28712 0.50710 0.00099 0.00000 0.18634
0.49577 0.00639 0.19480 0.30304 0.00000 0.00000
0.20035 0.00032 0.00113 0.59871 0.00000 0.19948
0.00000 0.10245 0.00000 0.00000 0.50314 0.39441
0.39798 0.00004 0.00000 0.00000 0.30347 0.29851

observation: 6
0.49479 0.69730 0.30080 0.10046 0.00011 0.09938
0.00203 0.00278 0.40121 0.09906 0.10285 0.09593
0.00000 0.29822 0.19973 0.19640 0.09875 0.30136
0.50318 0.00170 0.09806 0.00000 0.00382 0.40221
0.00000 0.00000 0.00020 0.60408 0.00207 0.10111
0.00000 0.00000 0.00000 0.00000 0.79239 0.00000
