initial: 6
0.71973 0.00010 0.09237 0.18780 0.00000 0.00000

transition: 6
0.30839 0.00337 0.49036 0.00095 0.00000 0.19692
0.00065 0.20417 0.79170 0.00347 0.00000 0.00000
0.00086 0.50218 0.19829 0.29867 0.00000 0.00000
0.00020 0.20163 0.00001 0.59708 0.00000 0.20107
0.10488 0.00000 0.00000 0.00000 0.50153 0.39359
0.00018 0.39663 0.00000 0.00000 0.30134 0.30184

observation: 6
0.99558 0.49767 0.29739 0.09789 0.00119 0.09875
0.00219 0.00081 0.40197 0.09951 0.10437 0.09704
0.00222 0.00320 0.20023 0.80260 0.09130 0.30959
0.00001 0.49832 0.10041 0.00000 0.00740 0.39560
0.00000 0.00000 0.00000 0.00000 0.00298 0.09902
0.00000 0.00000 0.00000 0.00000 0.79276 0.00000
