initial: 6
0.72071 0.00285 0.08934 0.18710 0.00000 0.00000

transition: 6
0.29553 0.01389 0.50139 0.00133 0.00000 0.18785
0.20115 0.20346 0.59513 0.00022 0.00003 0.00001
0.00366 0.49810 0.19675 0.30134 0.00000 0.00016
0.00031 0.20211 0.00016 0.59735 0.00000 0.20006
0.10737 0.00000 0.00000 0.00000 0.50179 0.39084
0.00088 0.39441 0.00000 0.00000 0.30489 0.29983

observation: 6
0.69484 0.49679 0.30103 0.09997 0.00058 0.09778
0.00219 0.00192 0.40030 0.09905 0.10260 0.09707
0.30289 0.00042 0.20029 0.19596 0.09785 0.30217
0.00008 0.50086 0.09814 0.00000 0.00245 0.40385
0.00000 0.00000 0.00023 0.60502 0.00290 0.09913
0.00000 0.00000 0.00000 0.00000 0.79362 0.00000
