initial: 6
0.00000 0.13230 0.07400 0.20950 0.00000 0.58420

transition: 6
0.19538 0.30470 0.49989 0.00003 0.00000 0.00000
0.11859 0.31969 0.37854 0.05602 0.00000 0.12716
0.51047 0.01526 0.15477 0.31951 0.00000 0.00000
0.20046 0.00400 0.00206 0.59788 0.00000 0.19560
0.00001 0.10810 0.00000 0.00000 0.51091 0.38098
0.40067 0.00075 0.00000 0.00000 0.31269 0.28589

observation: 6
0.48671 0.65877 0.25344 0.10139 0.00562 0.09504
0.00500 0.03218 0.45275 0.09655 0.09970 0.09493
0.00005 0.27451 0.18849 0.19629 0.10366 0.30451
0.50824 0.03453 0.10431 0.00000 0.00797 0.40276
0.00001 0.00002 0.00101 0.60577 0.00202 0.10276
0.00000 0.00000 0.00000 0.00000 0.78103 0.00000
