initial: 6
0.72049 0.00284 0.08952 0.18714 0.00000 0.00000

transition: 6
0.29555 0.01340 0.50177 0.00125 0.00000 0.18802
0.20099 0.20324 0.59553 0.00019 0.00004 0.00001
0.00358 0.49793 0.19712 0.30122 0.00000 0.00015
0.00029 0.20209 0.00016 0.59738 0.00000 0.20007
0.10736 0.00000 0.00000 0.00000 0.50170 0.39094
0.00082 0.39441 0.00000 0.00000 0.30481 0.29996

observation: 6
0.69492 0.49690 0.30115 0.09999 0.00052 0.09780
0.00212 0.00181 0.40013 0.09908 0.10261 0.09710
0.30290 0.00040 0.20029 0.19598 0.09785 0.30214
0.00006 0.50089 0.09821 0.00000 0.00236 0.40384
0.00000 0.00000 0.00022 0.60494 0.00291 0.09911
0.00000 0.00000 0.00000 0.00000 0.79375 0.00000
