initial: 6
0.71969 0.00012 0.09235 0.18784 0.00000 0.00000

transition: 6
0.30842 0.00313 0.49064 0.00089 0.00000 0.19692
0.00067 0.20373 0.79236 0.00325 0.00000 0.00000
0.00082 0.50186 0.19865 0.29867 0.00000 0.00000
0.00018 0.20161 0.00001 0.59715 0.00000 0.20106
0.10488 0.00000 0.00000 0.00000 0.50127 0.39384
0.00017 0.39647 0.00000 0.00000 0.30125 0.30211

observation: 6
0.99559 0.49775 0.29744 0.09795 0.00112 0.09878
0.00220 0.00073 0.40176 0.09953 0.10436 0.09708
0.00220 0.00309 0.20025 0.80252 0.09128 0.30953
0.00001 0.49843 0.10055 0.00000 0.00718 0.39560
0.00000 0.00000 0.00000 0.00000 0.00293 0.09902
0.00000 0.00000 0.00000 0.00000 0.79313 0.00000
