initial: 6
0.75219 0.00000 0.06598 0.18183 0.00000 0.00000

transition: 6
0.30067 0.07941 0.44968 0.00812 0.00000 0.16212
0.22217 0.26510 0.50240 0.01031 0.00000 0.00002
0.01164 0.55245 0.10080 0.33345 0.00006 0.00161
0.00473 0.20810 0.00072 0.59069 0.00003 0.19573
0.10765 0.00001 0.00000 0.00000 0.51301 0.37933
0.01078 0.39433 0.00000 0.00000 0.31534 0.27955

observation: 6
0.67891 0.47642 0.27586 0.09603 0.00543 0.09466
0.01535 0.02958 0.43584 0.09368 0.10496 0.08681
0.30069 0.00358 0.20837 0.19489 0.09749 0.30808
0.00490 0.49039 0.07703 0.00000 0.00960 0.40959
0.00015 0.00003 0.00291 0.61540 0.00322 0.10086
0.00000 0.00000 0.00000 0.00000 0.77930 0.00000
