initial: 6
0.49364 0.50636 0.00000 0.00000 0.00000 0.00000

transition: 6
0.27707 0.43244 0.01082 0.27725 0.00020 0.00222
0.00627 0.50488 0.20002 0.00020 0.00004 0.28859
0.00654 0.00165 0.21621 0.77211 0.00043 0.00306
0.00043 0.00626 0.00754 0.24853 0.53100 0.20626
0.00000 0.00000 0.00000 0.00000 0.50088 0.49912
0.72433 0.00018 0.09058 0.18492 0.00000 0.00000

observation: 6
0.00012 0.29764 0.00889 0.10157 0.29820 0.09730
0.08513 0.39874 0.00018 0.09948 0.00000 0.09953
0.41581 0.19852 0.47848 0.29590 0.30257 0.00000
0.49894 0.10509 0.49014 0.40359 0.00000 0.00000
0.00000 0.00000 0.02230 0.09947 0.00000 0.80317
0.00000 0.00000 0.00000 0.00000 0.39922 0.00000
