initial: 6
0.72270 0.00000 0.09065 0.18664 0.00000 0.00000

transition: 6
0.30829 0.01307 0.47942 0.00247 0.00000 0.19676
0.00066 0.22535 0.76339 0.01060 0.00000 0.00000
0.00191 0.51444 0.18335 0.30030 0.00000 0.00000
0.00130 0.20273 0.00002 0.59463 0.00000 0.20132
0.10503 0.00000 0.00000 0.00000 0.50818 0.38679
0.00068 0.40077 0.00000 0.00000 0.30418 0.29437

observation: 6
0.99387 0.49518 0.29360 0.09559 0.00309 0.09771
0.00247 0.00392 0.41076 0.09897 0.10467 0.09559
0.00290 0.00620 0.20207 0.80543 0.09154 0.31154
0.00076 0.49470 0.09356 0.00001 0.01315 0.39591
0.00000 0.00000 0.00000 0.00000 0.00429 0.09924
0.00000 0.00000 0.00000 0.00000 0.78327 0.00000
