initial: 6
0.00000 0.12790 0.07752 0.20961 0.00000 0.58497

transition: 6
0.19786 0.28503 0.51708 0.00003 0.00000 0.00000
0.10685 0.31165 0.39920 0.04638 0.00000 0.13592
0.50721 0.01400 0.16167 0.31712 0.00000 0.00000
0.20059 0.00333 0.00190 0.59807 0.00000 0.19612
0.00001 0.10754 0.00000 0.00000 0.50969 0.38276
0.40029 0.00058 0.00000 0.00000 0.31130 0.28783

observation: 6
0.48809 0.66517 0.26343 0.10125 0.00480 0.09537
0.00466 0.02705 0.44217 0.09684 0.10006 0.09529
0.00004 0.28002 0.19035 0.19634 0.10292 0.30374
0.50721 0.02774 0.10320 0.00000 0.00735 0.40304
0.00000 0.00002 0.00085 0.60558 0.00199 0.10256
0.00000 0.00000 0.00000 0.00000 0.78288 0.00000
