initial: 6
0.50688 0.49312 0.00000 0.00000 0.00000 0.00000

transition: 6
0.28972 0.49619 0.00761 0.20450 0.00001 0.00197
0.00323 0.50117 0.19864 0.00003 0.00000 0.29692
0.00281 0.00053 0.20920 0.78338 0.00008 0.00400
0.00019 0.00288 0.00524 0.26827 0.52074 0.20269
0.00000 0.00000 0.00000 0.00000 0.50090 0.49910
0.61497 0.00005 0.19427 0.19071 0.00000 0.00000

observation: 6
0.00005 0.29983 0.00389 0.10058 0.29838 0.09794
0.09814 0.39687 0.00001 0.10120 0.00000 0.10034
0.40578 0.19966 0.48718 0.29540 0.30256 0.00000
0.49603 0.10364 0.50371 0.40291 0.00000 0.00000
0.00000 0.00000 0.00520 0.09990 0.00000 0.80172
0.00000 0.00000 0.00000 0.00000 0.39906 0.00000
