initial: 6
0.72227 0.00000 0.09095 0.18678 0.00000 0.00000

transition: 6
0.30826 0.01183 0.48079 0.00232 0.00000 0.19679
0.00064 0.22252 0.76702 0.00982 0.00000 0.00000
0.00179 0.51294 0.18524 0.30002 0.00000 0.00000
0.00116 0.20260 0.00001 0.59493 0.00000 0.20129
0.10500 0.00000 0.00000 0.00000 0.50749 0.38751
0.00062 0.40035 0.00000 0.00000 0.30386 0.29517

observation: 6
0.99415 0.49546 0.29416 0.09587 0.00290 0.09783
0.00240 0.00353 0.40963 0.09903 0.10463 0.09576
0.00281 0.00588 0.20170 0.80509 0.09152 0.31133
0.00064 0.49513 0.09451 0.00001 0.01256 0.39587
0.00000 0.00000 0.00000 0.00000 0.00415 0.09921
0.00000 0.00000 0.00000 0.00000 0.78424 0.00000
