initial: 6
0.71834 0.00256 0.09160 0.18750 0.00000 0.00000

transition: 6
0.29581 0.00867 0.50574 0.00047 0.00000 0.18930
0.19915 0.20152 0.59897 0.00001 0.00033 0.00001
0.00273 0.49654 0.20067 0.30002 0.00000 0.00003
0.00004 0.20206 0.00040 0.59755 0.00000 0.19995
0.10739 0.00000 0.00000 0.00000 0.50051 0.39211
0.00027 0.39461 0.00000 0.00000 0.30413 0.30099

observation: 6
0.69579 0.49803 0.30224 0.10015 0.00008 0.09747
0.00131 0.00075 0.39856 0.09933 0.10277 0.09741
0.30290 0.00018 0.20038 0.19619 0.09775 0.30225
0.00000 0.50104 0.09871 0.00000 0.00114 0.40378
0.00000 0.00000 0.00011 0.60434 0.00291 0.09910
0.00000 0.00000 0.00000 0.00000 0.79536 0.00000
