initial: 6
0.00000 0.10655 0.09430 0.21013 0.00000 0.58901

transition: 6
0.20299 0.21160 0.58540 0.00000 0.00000 0.00000
0.02913 0.28765 0.49812 0.00316 0.00000 0.18194
0.49618 0.00731 0.19187 0.30464 0.00000 0.00000
0.20036 0.00067 0.00125 0.59859 0.00000 0.19913
0.00000 0.10322 0.00000 0.00000 0.50395 0.39283
0.39831 0.00009 0.00000 0.00000 0.30437 0.29723

observation: 6
0.49406 0.69409 0.29858 0.10047 0.00048 0.09887
0.00244 0.00478 0.40392 0.09871 0.10251 0.09595
0.00001 0.29746 0.19907 0.19635 0.09921 0.30145
0.50349 0.00366 0.09815 0.00000 0.00445 0.40239
0.00000 0.00000 0.00028 0.60448 0.00208 0.10133
0.00000 0.00000 0.00000 0.00000 0.79127 0.00000
