initial: 6
0.72312 0.00000 0.09037 0.18652 0.00000 0.00000

transition: 6
0.30832 0.01421 0.47814 0.00260 0.00000 0.19673
0.00068 0.22799 0.76003 0.01130 0.00000 0.00000
0.00201 0.51581 0.18161 0.30057 0.00000 0.00000
0.00143 0.20284 0.00002 0.59437 0.00000 0.20134
0.10506 0.00000 0.00000 0.00000 0.50880 0.38615
0.00074 0.40115 0.00000 0.00000 0.30447 0.29365

observation: 6
0.99360 0.49492 0.29308 0.09533 0.00327 0.09761
0.00253 0.00428 0.41182 0.09892 0.10470 0.09544
0.00299 0.00649 0.20243 0.80574 0.09157 0.31173
0.00088 0.49430 0.09267 0.00001 0.01368 0.39595
0.00000 0.00000 0.00000 0.00000 0.00441 0.09927
0.00000 0.00000 0.00000 0.00000 0.78239 0.00000
