initial: 6
0.49125 0.50875 0.00000 0.00000 0.00000 0.00000

transition: 6
0.23846 0.40474 0.03297 0.31524 0.00534 0.00325
0.02339 0.49009 0.21323 0.00432 0.00625 0.26272
0.05087 0.01565 0.16306 0.75488 0.01012 0.00541
0.00301 0.02456 0.02073 0.24954 0.51751 0.18465
0.00000 0.00010 0.00000 0.00000 0.50288 0.49702
0.82027 0.00070 0.01077 0.16769 0.00058 0.00000

observation: 6
0.00071 0.29903 0.02421 0.09242 0.30085 0.09421
0.07635 0.40525 0.01069 0.09366 0.00011 0.09646
0.42333 0.19513 0.43190 0.29770 0.30193 0.00000
0.49961 0.10053 0.43394 0.41521 0.00000 0.00000
0.00000 0.00005 0.09926 0.10101 0.00039 0.80934
0.00000 0.00000 0.00000 0.00000 0.39672 0.00000
