initial: 6
0.71960 0.00024 0.09218 0.18797 0.00000 0.00000

transition: 6
0.30853 0.00242 0.49147 0.00069 0.00000 0.19689
0.00074 0.20247 0.79425 0.00254 0.00000 0.00000
0.00070 0.50095 0.19966 0.29868 0.00000 0.00000
0.00011 0.20155 0.00001 0.59735 0.00000 0.20098
0.10489 0.00000 0.00000 0.00000 0.50045 0.39466
0.00013 0.39597 0.00000 0.00000 0.30098 0.30292

observation: 6
0.99558 0.49800 0.29757 0.09811 0.00090 0.09885
0.00225 0.00050 0.40116 0.09959 0.10432 0.09721
0.00217 0.00277 0.20035 0.80230 0.09120 0.30934
0.00000 0.49873 0.10092 0.00000 0.00647 0.39559
0.00000 0.00000 0.00001 0.00000 0.00276 0.09900
0.00000 0.00000 0.00000 0.00000 0.79435 0.00000
