initial: 6
0.50793 0.49207 0.00000 0.00000 0.00000 0.00000

transition: 6
0.29110 0.50598 0.00744 0.19411 0.00000 0.00137
0.00210 0.50121 0.19866 0.00001 0.00000 0.29801
0.00221 0.00038 0.20547 0.78695 0.00003 0.00496
0.00014 0.00202 0.00472 0.27608 0.51612 0.20091
0.00000 0.00000 0.00000 0.00000 0.50084 0.49916
0.60140 0.00002 0.20559 0.19299 0.00000 0.00000

observation: 6
0.00005 0.29992 0.00260 0.10034 0.29855 0.09816
0.09973 0.39661 0.00000 0.10147 0.00000 0.10053
0.40464 0.19989 0.48866 0.29558 0.30242 0.00000
0.49558 0.10357 0.50565 0.40267 0.00000 0.00000
0.00000 0.00000 0.00309 0.09994 0.00000 0.80131
0.00000 0.00000 0.00000 0.00000 0.39902 0.00000
