initial: 6
0.72030 0.00002 0.09221 0.18747 0.00000 0.00000

transition: 6
0.30824 0.00577 0.48763 0.00145 0.00000 0.19691
0.00059 0.20897 0.78491 0.00552 0.00000 0.00000
0.00117 0.50529 0.19467 0.29886 0.00000 0.00000
0.00047 0.20190 0.00001 0.59644 0.00000 0.20118
0.10490 0.00000 0.00000 0.00000 0.50361 0.39150
0.00031 0.39795 0.00000 0.00000 0.30216 0.29958

observation: 6
0.99533 0.49696 0.29667 0.09730 0.00178 0.09847
0.00218 0.00159 0.40407 0.09934 0.10445 0.09664
0.00237 0.00409 0.20034 0.80335 0.09141 0.31015
0.00012 0.49737 0.09892 0.00001 0.00920 0.39567
0.00000 0.00000 0.00000 0.00000 0.00340 0.09906
0.00000 0.00000 0.00000 0.00000 0.78976 0.00000
