initial: 6
0.49012 0.50988 0.00000 0.00000 0.00000 0.00000

transition: 6
0.27192 0.41785 0.01313 0.29453 0.00040 0.00218
0.00762 0.50524 0.20161 0.00034 0.00012 0.28507
0.00889 0.00248 0.21738 0.76731 0.00076 0.00317
0.00056 0.00777 0.00886 0.24512 0.53175 0.20593
0.00000 0.00000 0.00000 0.00000 0.50090 0.49910
0.75614 0.00022 0.06009 0.18354 0.00000 0.00000

observation: 6
0.00015 0.29718 0.01020 0.10189 0.29821 0.09714
0.08182 0.39957 0.00047 0.09920 0.00000 0.09933
0.41865 0.19812 0.47259 0.29585 0.30255 0.00000
0.49938 0.10512 0.48462 0.40356 0.00000 0.00000
0.00000 0.00000 0.03212 0.09949 0.00000 0.80353
0.00000 0.00000 0.00000 0.00000 0.39924 0.00000
