initial: 6
0.75429 0.00000 0.06650 0.17921 0.00000 0.00000

transition: 6
0.30029 0.08724 0.41756 0.01367 0.00000 0.18123
0.00486 0.35040 0.61058 0.03416 0.00000 0.00000
0.01531 0.57296 0.09463 0.31701 0.00000 0.00008
0.01358 0.19912 0.00015 0.58055 0.00012 0.20647
0.10731 0.00000 0.00000 0.00000 0.54735 0.34534
0.00920 0.42138 0.00004 0.00000 0.31947 0.24991

observation: 6
0.97036 0.47193 0.26516 0.08075 0.01173 0.09274
0.01072 0.02776 0.46215 0.09520 0.10752 0.08520
0.01046 0.02114 0.22935 0.82379 0.09960 0.31963
0.00846 0.47918 0.04334 0.00026 0.04044 0.40299
0.00000 0.00000 0.00000 0.00000 0.01227 0.09944
0.00000 0.00000 0.00000 0.00000 0.72844 0.00000
