initial: 6
0.00006 0.15673 0.05672 0.20863 0.00000 0.57786

transition: 6
0.16537 0.45201 0.38223 0.00013 0.00004 0.00022
0.14731 0.40034 0.27669 0.09215 0.00000 0.08351
0.53832 0.02370 0.09649 0.34141 0.00005 0.00004
0.19701 0.01158 0.00478 0.59430 0.00005 0.19228
0.00065 0.11094 0.00000 0.00000 0.52131 0.36710
0.40201 0.00415 0.00000 0.00000 0.32438 0.26946

observation: 6
0.47070 0.60711 0.18645 0.10063 0.01035 0.09534
0.00779 0.07310 0.52558 0.09401 0.09841 0.08954
0.00048 0.22654 0.18760 0.19428 0.10821 0.31274
0.52097 0.09321 0.09674 0.00000 0.01440 0.39825
0.00006 0.00005 0.00362 0.61108 0.00295 0.10412
0.00000 0.00000 0.00000 0.00000 0.76568 0.00000
