initial: 6
0.45514 0.19203 0.13041 0.11072 0.07301 0.03869

transition: 6
0.38880 0.35161 0.07656 0.06863 0.05423 0.06017
0.14602 0.39725 0.26052 0.07689 0.05608 0.06323
0.12577 0.11485 0.29989 0.29546 0.08241 0.08161
0.11378 0.10408 0.10019 0.31145 0.28249 0.08800
0.09139 0.08215 0.07961 0.08887 0.35152 0.30646
0.30047 0.08915 0.07757 0.08449 0.12128 0.32704

observation: 6
0.48794 0.47462 0.24236 0.17593 0.13882 0.18092
0.13256 0.17036 0.19907 0.16282 0.07715 0.08138
0.13785 0.12517 0.17419 0.18316 0.19937 0.18738
0.20969 0.19736 0.19844 0.18377 0.18240 0.25492
0.02448 0.02946 0.17939 0.27266 0.22354 0.12602
0.00747 0.00304 0.00655 0.02166 0.17871 0.16936
