initial: 6
0.71960 0.00043 0.09186 0.18810 0.00000 0.00000

transition: 6
0.30865 0.00173 0.49246 0.00045 0.00000 0.19670
0.00078 0.20152 0.79596 0.00174 0.00000 0.00000
0.00052 0.50012 0.20071 0.29866 0.00000 0.00000
0.00004 0.20165 0.00001 0.59756 0.00000 0.20074
0.10492 0.00000 0.00000 0.00000 0.49937 0.39571
0.00008 0.39536 0.00000 0.00000 0.30102 0.30354

observation: 6
0.99550 0.49829 0.29762 0.09815 0.00063 0.09890
0.00237 0.00028 0.40052 0.09966 0.10425 0.09735
0.00214 0.00239 0.20062 0.80219 0.09103 0.30917
0.00000 0.49904 0.10117 0.00000 0.00556 0.39566
0.00000 0.00000 0.00008 0.00000 0.00256 0.09892
0.00000 0.00000 0.00000 0.00000 0.79597 0.00000
