initial: 6
0.00000 0.10476 0.09553 0.21022 0.00000 0.58949

transition: 6
0.20286 0.20699 0.59014 0.00000 0.00000 0.00000
0.01988 0.28715 0.50597 0.00121 0.00000 0.18580
0.49581 0.00652 0.19442 0.30325 0.00000 0.00000
0.20035 0.00037 0.00115 0.59869 0.00000 0.19944
0.00000 0.10255 0.00000 0.00000 0.50325 0.39420
0.39803 0.00004 0.00000 0.00000 0.30359 0.29834

observation: 6
0.49469 0.69688 0.30053 0.10046 0.00014 0.09933
0.00209 0.00303 0.40155 0.09901 0.10281 0.09593
0.00000 0.29815 0.19965 0.19639 0.09881 0.30137
0.50322 0.00194 0.09806 0.00000 0.00392 0.40223
0.00000 0.00000 0.00021 0.60414 0.00208 0.10114
0.00000 0.00000 0.00000 0.00000 0.79224 0.00000
