initial: 6
0.72173 0.00283 0.08854 0.18691 0.00000 0.00000

transition: 6
0.29550 0.01607 0.49968 0.00169 0.00000 0.18705
0.20186 0.20450 0.59326 0.00035 0.00002 0.00001
0.00397 0.49892 0.19506 0.30185 0.00000 0.00020
0.00044 0.20223 0.00015 0.59721 0.00000 0.19997
0.10741 0.00000 0.00000 0.00000 0.50219 0.39039
0.00112 0.39444 0.00000 0.00000 0.30522 0.29922

observation: 6
0.69445 0.49630 0.30047 0.09988 0.00080 0.09762
0.00252 0.00243 0.40107 0.09889 0.10255 0.09693
0.30285 0.00052 0.20033 0.19589 0.09783 0.30233
0.00019 0.50075 0.09785 0.00000 0.00285 0.40390
0.00001 0.00000 0.00028 0.60535 0.00286 0.09922
0.00000 0.00000 0.00000 0.00000 0.79310 0.00000
