initial: 6
0.00000 0.10857 0.09287 0.21007 0.00000 0.58850

transition: 6
0.20299 0.21705 0.57996 0.00001 0.00000 0.00000
0.03851 0.28871 0.48925 0.00600 0.00000 0.17754
0.49678 0.00809 0.18907 0.30606 0.00000 0.00000
0.20039 0.00096 0.00133 0.59852 0.00000 0.19879
0.00000 0.10386 0.00000 0.00000 0.50462 0.39152
0.39858 0.00013 0.00000 0.00000 0.30516 0.29613

observation: 6
0.49343 0.69113 0.29620 0.10051 0.00093 0.09836
0.00277 0.00677 0.40670 0.09843 0.10220 0.09595
0.00001 0.29649 0.19838 0.19633 0.09962 0.30158
0.50378 0.00560 0.09838 0.00000 0.00487 0.40260
0.00000 0.00000 0.00034 0.60473 0.00206 0.10151
0.00000 0.00000 0.00000 0.00000 0.79032 0.00000
