initial: 6
0.72070 0.00285 0.08935 0.18710 0.00000 0.00000

transition: 6
0.29553 0.01386 0.50141 0.00133 0.00000 0.18786
0.20114 0.20345 0.59516 0.00022 0.00003 0.00001
0.00365 0.49809 0.19677 0.30133 0.00000 0.00016
0.00031 0.20211 0.00016 0.59736 0.00000 0.20006
0.10737 0.00000 0.00000 0.00000 0.50179 0.39084
0.00087 0.39441 0.00000 0.00000 0.30488 0.29983

observation: 6
0.69484 0.49680 0.30104 0.09997 0.00057 0.09778
0.00219 0.00191 0.40029 0.09905 0.10260 0.09707
0.30289 0.00042 0.20029 0.19596 0.09785 0.30217
0.00007 0.50086 0.09815 0.00000 0.00245 0.40385
0.00000 0.00000 0.00023 0.60501 0.00290 0.09913
0.00000 0.00000 0.00000 0.00000 0.79363 0.00000
