initial: 6
0.72012 0.00282 0.08985 0.18721 0.00000 0.00000

transition: 6
0.29558 0.01255 0.50245 0.00111 0.00000 0.18830
0.20070 0.20287 0.59621 0.00015 0.00007 0.00001
0.00345 0.49764 0.19775 0.30102 0.00000 0.00014
0.00024 0.20206 0.00017 0.59744 0.00000 0.20009
0.10735 0.00000 0.00000 0.00000 0.50152 0.39112
0.00073 0.39442 0.00000 0.00000 0.30468 0.30017

observation: 6
0.69507 0.49710 0.30136 0.10003 0.00044 0.09782
0.00199 0.00162 0.39984 0.09914 0.10263 0.09715
0.30290 0.00036 0.20029 0.19601 0.09785 0.30211
0.00003 0.50092 0.09831 0.00000 0.00218 0.40383
0.00000 0.00000 0.00020 0.60482 0.00293 0.09909
0.00000 0.00000 0.00000 0.00000 0.79398 0.00000
