initial: 6
0.71964 0.00018 0.09227 0.18791 0.00000 0.00000

transition: 6
0.30848 0.00273 0.49111 0.00078 0.00000 0.19691
0.00070 0.20300 0.79345 0.00285 0.00000 0.00000
0.00076 0.50134 0.19923 0.29867 0.00000 0.00000
0.00014 0.20157 0.00001 0.59726 0.00000 0.20102
0.10489 0.00000 0.00000 0.00000 0.50082 0.39429
0.00014 0.39619 0.00000 0.00000 0.30109 0.30258

observation: 6
0.99560 0.49789 0.29752 0.09805 0.00100 0.09882
0.00222 0.00060 0.40142 0.09956 0.10434 0.09715
0.00218 0.00291 0.20029 0.80239 0.09124 0.30942
0.00000 0.49860 0.10077 0.00000 0.00679 0.39559
0.00000 0.00000 0.00000 0.00000 0.00283 0.09901
0.00000 0.00000 0.00000 0.00000 0.79379 0.00000
