initial: 6
0.76851 0.00000 0.05613 0.17536 0.00000 0.00000

transition: 6
0.29897 0.14420 0.40097 0.00812 0.00005 0.14768
0.22202 0.34383 0.40717 0.02692 0.00000 0.00006
0.02415 0.59411 0.01769 0.35681 0.00046 0.00678
0.01597 0.19883 0.00764 0.57814 0.00026 0.19915
0.10613 0.00016 0.00000 0.00000 0.53090 0.36281
0.03570 0.38663 0.00000 0.00000 0.32221 0.25546

observation: 6
0.67492 0.45408 0.25221 0.08626 0.00962 0.09381
0.01918 0.05664 0.47478 0.08800 0.10871 0.07641
0.29570 0.00788 0.22903 0.19139 0.10703 0.30351
0.00942 0.48105 0.03204 0.00000 0.01444 0.42481
0.00076 0.00035 0.01194 0.63434 0.00581 0.10145
0.00000 0.00000 0.00000 0.00000 0.75439 0.00002
