initial: 6
0.00036 0.16181 0.05494 0.20737 0.00000 0.57552

transition: 6
0.15781 0.49317 0.34782 0.00022 0.00019 0.00080
0.14367 0.42689 0.26231 0.09273 0.00000 0.07440
0.54892 0.02873 0.06876 0.35310 0.00025 0.00023
0.19501 0.01514 0.00758 0.59121 0.00018 0.19086
0.00185 0.11075 0.00000 0.00000 0.52584 0.36156
0.40132 0.00698 0.00000 0.00000 0.32979 0.26190

observation: 6
0.46329 0.58904 0.17398 0.09904 0.01190 0.09569
0.00853 0.08878 0.53935 0.09250 0.09851 0.08645
0.00127 0.21129 0.19536 0.19264 0.10928 0.31696
0.52679 0.11082 0.08495 0.00000 0.01756 0.39642
0.00012 0.00008 0.00636 0.61583 0.00366 0.10448
0.00000 0.00000 0.00000 0.00000 0.75910 0.00000
