initial: 6
0.00000 0.10484 0.09548 0.21021 0.00000 0.58947

transition: 6
0.20287 0.20718 0.58995 0.00000 0.00000 0.00000
0.02028 0.28716 0.50565 0.00128 0.00000 0.18564
0.49582 0.00655 0.19432 0.30331 0.00000 0.00000
0.20035 0.00038 0.00115 0.59869 0.00000 0.19943
0.00000 0.10258 0.00000 0.00000 0.50328 0.39414
0.39804 0.00005 0.00000 0.00000 0.30362 0.29829

observation: 6
0.49466 0.69677 0.30045 0.10046 0.00015 0.09931
0.00210 0.00310 0.40164 0.09900 0.10279 0.09593
0.00000 0.29812 0.19963 0.19639 0.09883 0.30137
0.50323 0.00201 0.09806 0.00000 0.00395 0.40224
0.00000 0.00000 0.00022 0.60416 0.00208 0.10115
0.00000 0.00000 0.00000 0.00000 0.79220 0.00000
