initial: 6
0.72151 0.00000 0.09146 0.18702 0.00000 0.00000

transition: 6
0.30822 0.00965 0.48324 0.00204 0.00000 0.19685
0.00061 0.21753 0.77348 0.00837 0.00000 0.00000
0.00158 0.51024 0.18863 0.29955 0.00000 0.00000
0.00092 0.20236 0.00001 0.59546 0.00000 0.20126
0.10496 0.00000 0.00000 0.00000 0.50621 0.38883
0.00051 0.39957 0.00000 0.00000 0.30328 0.29664

observation: 6
0.99462 0.49597 0.29512 0.09637 0.00253 0.09805
0.00231 0.00284 0.40761 0.09913 0.10457 0.09606
0.00265 0.00528 0.20110 0.80448 0.09148 0.31094
0.00043 0.49591 0.09616 0.00001 0.01146 0.39580
0.00000 0.00000 0.00000 0.00000 0.00390 0.09915
0.00000 0.00000 0.00000 0.00000 0.78605 0.00000
