initial: 6
0.72635 0.00160 0.08603 0.18602 0.00000 0.00000

transition: 6
0.29587 0.02454 0.49292 0.00308 0.00000 0.18359
0.20479 0.20930 0.58483 0.00107 0.00000 0.00001
0.00502 0.50295 0.18752 0.30420 0.00000 0.00032
0.00092 0.20288 0.00015 0.59656 0.00000 0.19949
0.10762 0.00000 0.00000 0.00000 0.50349 0.38889
0.00204 0.39456 0.00000 0.00000 0.30659 0.29681

observation: 6
0.69268 0.49435 0.29795 0.09947 0.00163 0.09690
0.00384 0.00467 0.40449 0.09820 0.10246 0.09627
0.30238 0.00089 0.20065 0.19567 0.09765 0.30316
0.00108 0.50010 0.09643 0.00000 0.00410 0.40411
0.00002 0.00000 0.00049 0.60666 0.00269 0.09955
0.00000 0.00000 0.00000 0.00000 0.79147 0.00000
