initial: 6
0.72230 0.00277 0.08812 0.18681 0.00000 0.00000

transition: 6
0.29551 0.01724 0.49876 0.00189 0.00000 0.18660
0.20225 0.20510 0.59220 0.00043 0.00001 0.00001
0.00413 0.49940 0.19412 0.30214 0.00000 0.00021
0.00051 0.20231 0.00015 0.59713 0.00000 0.19992
0.10744 0.00000 0.00000 0.00000 0.50239 0.39017
0.00124 0.39446 0.00000 0.00000 0.30541 0.29889

observation: 6
0.69422 0.49604 0.30015 0.09983 0.00092 0.09753
0.00269 0.00271 0.40151 0.09880 0.10253 0.09685
0.30281 0.00057 0.20035 0.19585 0.09782 0.30243
0.00027 0.50068 0.09767 0.00000 0.00305 0.40392
0.00001 0.00000 0.00031 0.60552 0.00283 0.09927
0.00000 0.00000 0.00000 0.00000 0.79285 0.00000
