initial: 6
0.00000 0.11302 0.08949 0.20997 0.00000 0.58752

transition: 6
0.20254 0.23021 0.56724 0.00001 0.00000 0.00000
0.05702 0.29225 0.46916 0.01390 0.00000 0.16768
0.49857 0.00958 0.18295 0.30890 0.00000 0.00000
0.20050 0.00151 0.00148 0.59842 0.00000 0.19809
0.00000 0.10501 0.00000 0.00000 0.50590 0.38909
0.39904 0.00022 0.00000 0.00000 0.30673 0.29401

observation: 6
0.49216 0.68499 0.29024 0.10067 0.00190 0.09738
0.00335 0.01125 0.41340 0.09795 0.10160 0.09591
0.00001 0.29376 0.19669 0.19632 0.10043 0.30193
0.50448 0.00999 0.09920 0.00000 0.00553 0.40295
0.00000 0.00001 0.00046 0.60506 0.00203 0.10183
0.00000 0.00000 0.00000 0.00000 0.78851 0.00000
