initial: 6
0.49676 0.50324 0.00000 0.00000 0.00000 0.00000

transition: 6
0.28050 0.44533 0.00967 0.26212 0.00012 0.00226
0.00554 0.50418 0.19924 0.00014 0.00002 0.29088
0.00539 0.00125 0.21485 0.77513 0.00030 0.00309
0.00036 0.00538 0.00686 0.25152 0.52982 0.20605
0.00000 0.00000 0.00000 0.00000 0.50089 0.49911
0.69881 0.00015 0.11508 0.18596 0.00000 0.00000

observation: 6
0.00011 0.29814 0.00784 0.10129 0.29822 0.09741
0.08795 0.39826 0.00009 0.09975 0.00000 0.09967
0.41346 0.19877 0.48176 0.29580 0.30261 0.00000
0.49849 0.10483 0.49367 0.40360 0.00000 0.00000
0.00000 0.00000 0.01663 0.09956 0.00000 0.80291
0.00000 0.00000 0.00000 0.00000 0.39918 0.00000
