initial: 6
0.71958 0.00053 0.09168 0.18821 0.00000 0.00000

transition: 6
0.30880 0.00112 0.49322 0.00021 0.00000 0.19665
0.00086 0.20065 0.79753 0.00096 0.00000 0.00000
0.00032 0.49938 0.20150 0.29880 0.00000 0.00000
0.00001 0.20166 0.00001 0.59777 0.00000 0.20055
0.10495 0.00000 0.00000 0.00000 0.49826 0.39680
0.00003 0.39468 0.00000 0.00000 0.30078 0.30451

observation: 6
0.99543 0.49852 0.29766 0.09831 0.00035 0.09895
0.00247 0.00010 0.40000 0.09974 0.10420 0.09741
0.00210 0.00201 0.20089 0.80196 0.09086 0.30896
0.00000 0.49929 0.10141 0.00000 0.00452 0.39582
0.00000 0.00008 0.00004 0.00000 0.00234 0.09887
0.00000 0.00000 0.00000 0.00000 0.79772 0.00000
