initial: 6
0.72057 0.00001 0.09206 0.18736 0.00000 0.00000

transition: 6
0.30822 0.00673 0.48654 0.00161 0.00000 0.19690
0.00059 0.21102 0.78212 0.00627 0.00000 0.00000
0.00128 0.50653 0.19319 0.29901 0.00000 0.00000
0.00058 0.20202 0.00001 0.59619 0.00000 0.20120
0.10491 0.00000 0.00000 0.00000 0.50431 0.39079
0.00036 0.39838 0.00000 0.00000 0.30245 0.29880

observation: 6
0.99517 0.49670 0.29632 0.09706 0.00198 0.09837
0.00220 0.00190 0.40494 0.09929 0.10449 0.09649
0.00244 0.00440 0.20048 0.80364 0.09144 0.31036
0.00018 0.49700 0.09827 0.00001 0.00981 0.39570
0.00000 0.00000 0.00000 0.00000 0.00353 0.09908
0.00000 0.00000 0.00000 0.00000 0.78876 0.00000
