initial: 6
0.00000 0.10536 0.09512 0.21019 0.00000 0.58933

transition: 6
0.20292 0.20852 0.58856 0.00000 0.00000 0.00000
0.02312 0.28726 0.50332 0.00179 0.00000 0.18451
0.49591 0.00680 0.19356 0.30373 0.00000 0.00000
0.20035 0.00048 0.00119 0.59865 0.00000 0.19934
0.00000 0.10279 0.00000 0.00000 0.50350 0.39371
0.39813 0.00006 0.00000 0.00000 0.30386 0.29795

observation: 6
0.49447 0.69592 0.29989 0.10046 0.00024 0.09918
0.00222 0.00362 0.40234 0.09890 0.10270 0.09594
0.00000 0.29794 0.19946 0.19637 0.09895 0.30139
0.50331 0.00252 0.09807 0.00000 0.00412 0.40228
0.00000 0.00000 0.00024 0.60427 0.00208 0.10121
0.00000 0.00000 0.00000 0.00000 0.79189 0.00000
