initial: 6
0.71959 0.00276 0.09034 0.18730 0.00000 0.00000

transition: 6
0.29565 0.01135 0.50344 0.00092 0.00000 0.18865
0.20026 0.20239 0.59712 0.00009 0.00012 0.00001
0.00326 0.49728 0.19863 0.30073 0.00000 0.00011
0.00017 0.20205 0.00020 0.59750 0.00000 0.20008
0.10735 0.00000 0.00000 0.00000 0.50126 0.39139
0.00059 0.39447 0.00000 0.00000 0.30450 0.30044

observation: 6
0.69527 0.49737 0.30164 0.10007 0.00032 0.09779
0.00181 0.00135 0.39943 0.09922 0.10266 0.09723
0.30290 0.00031 0.20030 0.19606 0.09784 0.30211
0.00001 0.50096 0.09845 0.00000 0.00191 0.40380
0.00000 0.00000 0.00017 0.60465 0.00294 0.09907
0.00000 0.00000 0.00000 0.00000 0.79434 0.00000
