initial: 6
0.00000 0.10580 0.09482 0.21016 0.00000 0.58921

transition: 6
0.20296 0.20964 0.58740 0.00000 0.00000 0.00000
0.02538 0.28738 0.50141 0.00226 0.00000 0.18357
0.49600 0.00700 0.19293 0.30407 0.00000 0.00000
0.20035 0.00055 0.00121 0.59863 0.00000 0.19926
0.00000 0.10295 0.00000 0.00000 0.50367 0.39338
0.39820 0.00007 0.00000 0.00000 0.30405 0.29768

observation: 6
0.49432 0.69524 0.29941 0.10046 0.00033 0.09907
0.00230 0.00404 0.40291 0.09883 0.10263 0.09595
0.00000 0.29777 0.19932 0.19636 0.09905 0.30141
0.50337 0.00294 0.09809 0.00000 0.00425 0.40232
0.00000 0.00000 0.00026 0.60435 0.00208 0.10126
0.00000 0.00000 0.00000 0.00000 0.79166 0.00000
