initial: 6
0.00304 0.16295 0.05978 0.20270 0.00000 0.57153

transition: 6
0.15956 0.52680 0.30897 0.00040 0.00107 0.00320
0.14051 0.45023 0.25681 0.08895 0.00000 0.06350
0.55801 0.03711 0.03721 0.36472 0.00111 0.00184
0.19132 0.02092 0.01595 0.58230 0.00071 0.18880
0.00611 0.10779 0.00000 0.00000 0.53306 0.35304
0.39917 0.01312 0.00000 0.00000 0.33905 0.24865

observation: 6
0.45454 0.57014 0.16567 0.09492 0.01410 0.09484
0.00897 0.10441 0.54821 0.08700 0.09952 0.08166
0.00454 0.19344 0.21387 0.18938 0.11036 0.32477
0.53165 0.13186 0.05812 0.00000 0.02264 0.39391
0.00030 0.00015 0.01413 0.62869 0.00505 0.10481
0.00000 0.00000 0.00000 0.00000 0.74832 0.00000
