initial: 6
0.78432 0.00000 0.05058 0.16510 0.00000 0.00000

transition: 6
0.23863 0.21246 0.39787 0.05161 0.00019 0.09924
0.05768 0.39183 0.51540 0.03509 0.00000 0.00000
0.08943 0.56522 0.01476 0.32816 0.00000 0.00243
0.05644 0.13285 0.00220 0.56587 0.00204 0.24061
0.10672 0.00009 0.00000 0.00000 0.61777 0.27543
0.06326 0.44118 0.00386 0.00000 0.32144 0.17025

observation: 6
0.94546 0.38930 0.23070 0.06471 0.02471 0.08963
0.01680 0.06018 0.50018 0.08834 0.11165 0.06803
0.02489 0.04617 0.25579 0.84482 0.11951 0.32833
0.01285 0.50436 0.01333 0.00213 0.07768 0.42226
0.00000 0.00000 0.00000 0.00000 0.02659 0.09175
0.00000 0.00000 0.00000 0.00000 0.63986 0.00000
