initial: 6
0.48761 0.51239 0.00000 0.00000 0.00000 0.00000

transition: 6
0.25683 0.40229 0.02281 0.31367 0.00200 0.00239
0.01373 0.50154 0.20643 0.00136 0.00121 0.27574
0.02269 0.00686 0.20362 0.75954 0.00321 0.00407
0.00135 0.01399 0.01449 0.24086 0.52890 0.20041
0.00000 0.00000 0.00000 0.00000 0.50138 0.49862
0.80088 0.00040 0.02010 0.17859 0.00003 0.00000

observation: 6
0.00026 0.29755 0.01392 0.10085 0.29863 0.09622
0.07764 0.40231 0.00287 0.09814 0.00001 0.09832
0.42218 0.19677 0.45614 0.29546 0.30245 0.00000
0.49992 0.10337 0.46742 0.40529 0.00000 0.00000
0.00000 0.00000 0.05965 0.10027 0.00004 0.80545
0.00000 0.00000 0.00000 0.00000 0.39887 0.00000
