initial: 6
0.71965 0.00017 0.09229 0.18790 0.00000 0.00000

transition: 6
0.30847 0.00281 0.49101 0.00080 0.00000 0.19691
0.00069 0.20314 0.79323 0.00293 0.00000 0.00000
0.00077 0.50144 0.19911 0.29867 0.00000 0.00000
0.00014 0.20158 0.00001 0.59724 0.00000 0.20103
0.10489 0.00000 0.00000 0.00000 0.50092 0.39420
0.00015 0.39625 0.00000 0.00000 0.30112 0.30248

observation: 6
0.99560 0.49786 0.29751 0.09803 0.00102 0.09881
0.00222 0.00063 0.40149 0.09955 0.10434 0.09714
0.00218 0.00295 0.20028 0.80242 0.09125 0.30944
0.00000 0.49856 0.10072 0.00000 0.00687 0.39559
0.00000 0.00000 0.00000 0.00000 0.00285 0.09901
0.00000 0.00000 0.00000 0.00000 0.79365 0.00000
