initial: 6
0.71960 0.00048 0.09177 0.18815 0.00000 0.00000

transition: 6
0.30870 0.00154 0.49268 0.00038 0.00000 0.19670
0.00079 0.20124 0.79645 0.00151 0.00000 0.00000
0.00046 0.49988 0.20096 0.29870 0.00000 0.00000
0.00003 0.20163 0.00001 0.59762 0.00000 0.20071
0.10493 0.00000 0.00000 0.00000 0.49905 0.39602
0.00006 0.39517 0.00000 0.00000 0.30092 0.30384

observation: 6
0.99547 0.49837 0.29764 0.09820 0.00055 0.09892
0.00240 0.00022 0.40036 0.09968 0.10424 0.09739
0.00213 0.00228 0.20069 0.80212 0.09099 0.30911
0.00000 0.49912 0.10124 0.00000 0.00527 0.39568
0.00000 0.00001 0.00008 0.00000 0.00250 0.09891
0.00000 0.00000 0.00000 0.00000 0.79645 0.00000
