initial: 6
0.48781 0.51219 0.00000 0.00000 0.00000 0.00000

transition: 6
0.25447 0.40187 0.02436 0.31446 0.00237 0.00247
0.01490 0.50047 0.20720 0.00161 0.00157 0.27425
0.02581 0.00780 0.19882 0.75952 0.00382 0.00423
0.00152 0.01519 0.01541 0.24123 0.52776 0.19889
0.00000 0.00001 0.00000 0.00000 0.50151 0.49849
0.80418 0.00043 0.01784 0.17749 0.00006 0.00000

observation: 6
0.00030 0.29771 0.01476 0.10029 0.29878 0.09599
0.07737 0.40271 0.00348 0.09780 0.00001 0.09809
0.42239 0.19658 0.45355 0.29554 0.30240 0.00000
0.49995 0.10299 0.46420 0.40598 0.00000 0.00000
0.00000 0.00000 0.06400 0.10038 0.00006 0.80591
0.00000 0.00000 0.00000 0.00000 0.39875 0.00000
