initial: 6
0.78700 0.00000 0.05116 0.16184 0.00000 0.00000

transition: 6
0.23794 0.22537 0.38833 0.05606 0.00034 0.09196
0.06893 0.39566 0.50137 0.03403 0.00000 0.00001
0.09964 0.55983 0.01151 0.32537 0.00001 0.00364
0.06174 0.11895 0.00311 0.56408 0.00307 0.24905
0.10643 0.00014 0.00000 0.00000 0.62691 0.26652
0.07386 0.44368 0.00589 0.00000 0.31867 0.15790

observation: 6
0.94329 0.37887 0.21874 0.06234 0.02631 0.08886
0.01665 0.06327 0.50866 0.08580 0.11249 0.06507
0.02694 0.05132 0.26053 0.84923 0.12244 0.32778
0.01313 0.50655 0.01206 0.00264 0.08120 0.42792
0.00000 0.00000 0.00000 0.00000 0.02834 0.09037
0.00000 0.00000 0.00000 0.00000 0.62922 0.00000
