initial: 6
0.77377 0.00000 0.07366 0.15256 0.00000 0.00000

transition: 6
0.31717 0.22722 0.33432 0.00571 0.00154 0.11403
0.22823 0.41187 0.33102 0.02865 0.00002 0.00022
0.04539 0.55061 0.00354 0.36729 0.00177 0.03139
0.04125 0.16149 0.06256 0.51772 0.00156 0.21542
0.10317 0.00156 0.00000 0.00000 0.56250 0.33277
0.11442 0.32849 0.00003 0.00000 0.32635 0.23071

observation: 6
0.69825 0.40605 0.21983 0.07293 0.01796 0.08377
0.01730 0.09785 0.49845 0.02827 0.10756 0.07452
0.26642 0.02366 0.24901 0.17204 0.13223 0.27983
0.01555 0.47071 0.00507 0.00006 0.01826 0.46226
0.00249 0.00173 0.02764 0.72670 0.01281 0.09895
0.00000 0.00000 0.00000 0.00000 0.71119 0.00066
