initial: 6
0.50182 0.49818 0.00000 0.00000 0.00000 0.00000

transition: 6
0.22339 0.41748 0.03947 0.30603 0.00886 0.00477
0.03123 0.47164 0.22144 0.00961 0.01705 0.24902
0.07962 0.02452 0.14481 0.72203 0.02235 0.00667
0.00522 0.03577 0.02623 0.26611 0.50389 0.16279
0.00000 0.00047 0.00001 0.00000 0.50538 0.49414
0.82968 0.00096 0.00910 0.15819 0.00208 0.00000

observation: 6
0.00149 0.30227 0.04037 0.07366 0.30553 0.09328
0.07658 0.40828 0.02761 0.08479 0.00035 0.09542
0.42446 0.19044 0.40164 0.30383 0.30183 0.00000
0.49747 0.09869 0.38066 0.43672 0.00001 0.00000
0.00000 0.00032 0.14973 0.10100 0.00123 0.81130
0.00000 0.00000 0.00000 0.00000 0.39105 0.00000
