initial: 6
0.85743 0.00000 0.00101 0.14156 0.00000 0.00000

transition: 6
0.25053 0.39001 0.24280 0.06867 0.00367 0.04432
0.11945 0.60274 0.25018 0.02730 0.00003 0.00030
0.19428 0.24910 0.07007 0.44488 0.00047 0.04120
0.08738 0.05496 0.02399 0.53833 0.03069 0.26465
0.11387 0.00245 0.00004 0.00019 0.68599 0.19746
0.17630 0.43265 0.01718 0.00008 0.25921 0.11458

observation: 6
0.86843 0.29669 0.19458 0.06027 0.03373 0.08193
0.04454 0.20427 0.42423 0.04506 0.12248 0.02338
0.06622 0.08913 0.31948 0.88719 0.16492 0.19931
0.02081 0.40992 0.06171 0.00748 0.07729 0.60947
0.00000 0.00000 0.00000 0.00000 0.03708 0.08565
0.00000 0.00000 0.00000 0.00000 0.56449 0.00026
