initial: 6
0.74765 0.00000 0.06975 0.18260 0.00000 0.00000

transition: 6
0.29988 0.06797 0.45825 0.00770 0.00000 0.16620
0.21928 0.25100 0.52185 0.00785 0.00000 0.00002
0.00997 0.53969 0.12346 0.32565 0.00003 0.00120
0.00366 0.20738 0.00049 0.59214 0.00001 0.19631
0.10783 0.00000 0.00000 0.00000 0.51043 0.38174
0.00827 0.39447 0.00000 0.00000 0.31357 0.28369

observation: 6
0.68180 0.48088 0.28075 0.09690 0.00473 0.09481
0.01299 0.02300 0.42875 0.09452 0.10409 0.08936
0.30088 0.00294 0.20599 0.19506 0.09697 0.30749
0.00422 0.49315 0.08233 0.00000 0.00855 0.40775
0.00011 0.00002 0.00218 0.61352 0.00294 0.10060
0.00000 0.00000 0.00000 0.00000 0.78272 0.00000
