initial: 6
0.49618 0.50382 0.00000 0.00000 0.00000 0.00000

transition: 6
0.27990 0.44288 0.00985 0.26498 0.00013 0.00225
0.00567 0.50432 0.19936 0.00014 0.00003 0.29048
0.00557 0.00131 0.21510 0.77462 0.00032 0.00308
0.00037 0.00553 0.00697 0.25094 0.53008 0.20612
0.00000 0.00000 0.00000 0.00000 0.50089 0.49911
0.70350 0.00015 0.11058 0.18577 0.00000 0.00000

observation: 6
0.00011 0.29804 0.00803 0.10134 0.29821 0.09739
0.08742 0.39834 0.00011 0.09969 0.00000 0.09965
0.41389 0.19873 0.48124 0.29582 0.30260 0.00000
0.49858 0.10489 0.49306 0.40360 0.00000 0.00000
0.00000 0.00000 0.01756 0.09954 0.00000 0.80296
0.00000 0.00000 0.00000 0.00000 0.39919 0.00000
