initial: 6
0.00000 0.12491 0.07993 0.20969 0.00000 0.58547

transition: 6
0.19921 0.27263 0.52813 0.00002 0.00000 0.00000
0.09808 0.30687 0.41335 0.03967 0.00000 0.14204
0.50519 0.01314 0.16615 0.31552 0.00000 0.00000
0.20063 0.00292 0.00181 0.59816 0.00000 0.19647
0.00000 0.10713 0.00000 0.00000 0.50891 0.38396
0.40004 0.00049 0.00000 0.00000 0.31040 0.28908

observation: 6
0.48895 0.66930 0.26967 0.10114 0.00424 0.09566
0.00443 0.02372 0.43555 0.09703 0.10033 0.09548
0.00003 0.28335 0.19165 0.19635 0.10242 0.30329
0.50659 0.02362 0.10237 0.00000 0.00697 0.40315
0.00000 0.00001 0.00076 0.60548 0.00198 0.10243
0.00000 0.00000 0.00000 0.00000 0.78406 0.00000
