initial: 6
0.72756 0.00113 0.08554 0.18577 0.00000 0.00000

transition: 6
0.29603 0.02663 0.49122 0.00340 0.00000 0.18273
0.20552 0.21070 0.58249 0.00128 0.00000 0.00001
0.00525 0.50413 0.18541 0.30486 0.00000 0.00035
0.00103 0.20307 0.00016 0.59638 0.00000 0.19935
0.10767 0.00000 0.00000 0.00000 0.50378 0.38856
0.00227 0.39457 0.00000 0.00000 0.30692 0.29623

observation: 6
0.69221 0.49386 0.29725 0.09937 0.00181 0.09673
0.00420 0.00528 0.40542 0.09802 0.10245 0.09608
0.30225 0.00098 0.20077 0.19562 0.09758 0.30339
0.00133 0.49988 0.09601 0.00000 0.00436 0.40418
0.00002 0.00000 0.00054 0.60699 0.00266 0.09962
0.00000 0.00000 0.00000 0.00000 0.79112 0.00000
