initial: 6
0.48977 0.51023 0.00000 0.00000 0.00000 0.00000

transition: 6
0.27123 0.41632 0.01350 0.29634 0.00044 0.00218
0.00784 0.50522 0.20184 0.00036 0.00014 0.28460
0.00928 0.00262 0.21739 0.76668 0.00083 0.00320
0.00059 0.00800 0.00908 0.24472 0.53178 0.20583
0.00000 0.00000 0.00000 0.00000 0.50091 0.49909
0.75971 0.00023 0.05670 0.18336 0.00000 0.00000

observation: 6
0.00016 0.29715 0.01036 0.10192 0.29821 0.09712
0.08147 0.39970 0.00053 0.09917 0.00000 0.09930
0.41895 0.19806 0.47176 0.29583 0.30255 0.00000
0.49943 0.10509 0.48386 0.40356 0.00000 0.00000
0.00000 0.00000 0.03349 0.09951 0.00000 0.80358
0.00000 0.00000 0.00000 0.00000 0.39924 0.00000
