initial: 6
0.00007 0.15740 0.05637 0.20854 0.00000 0.57761

transition: 6
0.16425 0.45710 0.37821 0.00014 0.00005 0.00026
0.14701 0.40361 0.27458 0.09241 0.00000 0.08239
0.53952 0.02418 0.09356 0.34264 0.00006 0.00005
0.19681 0.01196 0.00501 0.59403 0.00006 0.19213
0.00073 0.11097 0.00000 0.00000 0.52178 0.36651
0.40196 0.00441 0.00000 0.00000 0.32493 0.26870

observation: 6
0.46985 0.60502 0.18473 0.10050 0.01051 0.09540
0.00790 0.07489 0.52750 0.09388 0.09840 0.08922
0.00054 0.22473 0.18822 0.19412 0.10834 0.31317
0.52165 0.09530 0.09571 0.00000 0.01473 0.39804
0.00006 0.00005 0.00385 0.61150 0.00302 0.10417
0.00000 0.00000 0.00000 0.00000 0.76500 0.00000
