initial: 6
0.00000 0.10404 0.09602 0.21027 0.00000 0.58968

transition: 6
0.20275 0.20517 0.59207 0.00000 0.00001 0.00000
0.01572 0.28711 0.50921 0.00062 0.00000 0.18733
0.49572 0.00615 0.19549 0.30264 0.00000 0.00000
0.20036 0.00024 0.00110 0.59875 0.00000 0.19956
0.00000 0.10224 0.00000 0.00000 0.50293 0.39483
0.39790 0.00003 0.00000 0.00000 0.30325 0.29882

observation: 6
0.49497 0.69808 0.30129 0.10046 0.00005 0.09948
0.00192 0.00232 0.40059 0.09916 0.10294 0.09592
0.00000 0.29835 0.19988 0.19642 0.09863 0.30135
0.50310 0.00125 0.09806 0.00000 0.00362 0.40219
0.00000 0.00000 0.00018 0.60396 0.00207 0.10106
0.00000 0.00000 0.00000 0.00000 0.79269 0.00000
