initial: 6
0.71864 0.00261 0.09129 0.18745 0.00000 0.00000

transition: 6
0.29577 0.00930 0.50523 0.00058 0.00000 0.18913
0.19939 0.20172 0.59855 0.00003 0.00030 0.00001
0.00287 0.49671 0.20018 0.30018 0.00000 0.00005
0.00007 0.20208 0.00031 0.59756 0.00000 0.19998
0.10739 0.00000 0.00000 0.00000 0.50070 0.39191
0.00035 0.39463 0.00000 0.00000 0.30421 0.30082

observation: 6
0.69567 0.49787 0.30210 0.10013 0.00013 0.09752
0.00143 0.00089 0.39875 0.09931 0.10273 0.09738
0.30290 0.00021 0.20036 0.19615 0.09778 0.30224
0.00000 0.50102 0.09866 0.00000 0.00135 0.40377
0.00000 0.00000 0.00012 0.60440 0.00292 0.09910
0.00000 0.00000 0.00000 0.00000 0.79509 0.00000
