initial: 6
0.50791 0.49209 0.00000 0.00000 0.00000 0.00000

transition: 6
0.29136 0.50707 0.00732 0.19316 0.00000 0.00109
0.00170 0.50140 0.19868 0.00001 0.00000 0.29821
0.00209 0.00033 0.20432 0.78789 0.00002 0.00536
0.00013 0.00175 0.00458 0.27819 0.51485 0.20050
0.00000 0.00000 0.00000 0.00000 0.50081 0.49919
0.59991 0.00001 0.20641 0.19366 0.00000 0.00000

observation: 6
0.00006 0.29990 0.00224 0.10027 0.29861 0.09823
0.09985 0.39660 0.00000 0.10148 0.00000 0.10057
0.40454 0.19992 0.48919 0.29567 0.30238 0.00000
0.49555 0.10358 0.50600 0.40264 0.00000 0.00000
0.00000 0.00000 0.00256 0.09994 0.00000 0.80120
0.00000 0.00000 0.00000 0.00000 0.39901 0.00000
