initial: 6
0.71985 0.00006 0.09238 0.18771 0.00000 0.00000

transition: 6
0.30834 0.00398 0.48967 0.00109 0.00000 0.19692
0.00063 0.20533 0.79002 0.00402 0.00000 0.00000
0.00095 0.50296 0.19740 0.29869 0.00000 0.00000
0.00027 0.20170 0.00001 0.59691 0.00000 0.20111
0.10488 0.00000 0.00000 0.00000 0.50211 0.39300
0.00022 0.39700 0.00000 0.00000 0.30156 0.30122

observation: 6
0.99554 0.49748 0.29724 0.09774 0.00135 0.09868
0.00217 0.00101 0.40249 0.09946 0.10439 0.09693
0.00225 0.00344 0.20021 0.80280 0.09134 0.30974
0.00003 0.49808 0.10006 0.00000 0.00791 0.39562
0.00000 0.00000 0.00000 0.00000 0.00310 0.09902
0.00000 0.00000 0.00000 0.00000 0.79191 0.00000
