initial: 6
0.50679 0.49321 0.00000 0.00000 0.00000 0.00000

transition: 6
0.28963 0.49553 0.00762 0.20523 0.00001 0.00199
0.00327 0.50120 0.19864 0.00003 0.00000 0.29685
0.00284 0.00054 0.20934 0.78324 0.00008 0.00397
0.00019 0.00292 0.00527 0.26791 0.52094 0.20277
0.00000 0.00000 0.00000 0.00000 0.50091 0.49909
0.61592 0.00005 0.19342 0.19062 0.00000 0.00000

observation: 6
0.00005 0.29981 0.00396 0.10059 0.29838 0.09793
0.09802 0.39689 0.00001 0.10118 0.00000 0.10033
0.40586 0.19965 0.48713 0.29540 0.30257 0.00000
0.49607 0.10365 0.50359 0.40293 0.00000 0.00000
0.00000 0.00000 0.00532 0.09990 0.00000 0.80174
0.00000 0.00000 0.00000 0.00000 0.39906 0.00000
