initial: 6
0.71938 0.00273 0.09055 0.18734 0.00000 0.00000

transition: 6
0.29567 0.01087 0.50385 0.00084 0.00000 0.18877
0.20007 0.20222 0.59746 0.00008 0.00016 0.00001
0.00317 0.49714 0.19898 0.30061 0.00000 0.00010
0.00015 0.20205 0.00021 0.59752 0.00000 0.20007
0.10736 0.00000 0.00000 0.00000 0.50114 0.39150
0.00054 0.39451 0.00000 0.00000 0.30443 0.30053

observation: 6
0.69536 0.49748 0.30175 0.10009 0.00027 0.09774
0.00173 0.00125 0.39927 0.09924 0.10267 0.09727
0.30290 0.00029 0.20031 0.19608 0.09783 0.30213
0.00001 0.50098 0.09851 0.00000 0.00179 0.40379
0.00000 0.00000 0.00016 0.60459 0.00294 0.09907
0.00000 0.00000 0.00000 0.00000 0.79450 0.00000
