initial: 6
0.00000 0.10535 0.09513 0.21019 0.00000 0.58933

transition: 6
0.20292 0.20848 0.58859 0.00000 0.00000 0.00000
0.02304 0.28725 0.50339 0.00178 0.00000 0.18454
0.49591 0.00679 0.19358 0.30372 0.00000 0.00000
0.20035 0.00047 0.00118 0.59865 0.00000 0.19934
0.00000 0.10278 0.00000 0.00000 0.50349 0.39372
0.39813 0.00006 0.00000 0.00000 0.30385 0.29796

observation: 6
0.49448 0.69595 0.29990 0.10046 0.00024 0.09918
0.00221 0.00360 0.40232 0.09890 0.10271 0.09594
0.00000 0.29794 0.19947 0.19637 0.09895 0.30139
0.50331 0.00250 0.09807 0.00000 0.00412 0.40228
0.00000 0.00000 0.00024 0.60427 0.00208 0.10121
0.00000 0.00000 0.00000 0.00000 0.79190 0.00000
