initial: 6
0.77361 0.00000 0.07220 0.15419 0.00000 0.00000

transition: 6
0.31518 0.22161 0.33974 0.00590 0.00136 0.11621
0.22892 0.40470 0.33730 0.02886 0.00002 0.00020
0.04336 0.55813 0.00372 0.36425 0.00167 0.02887
0.03915 0.16370 0.05861 0.52320 0.00143 0.21391
0.10332 0.00140 0.00000 0.00000 0.56000 0.33528
0.10736 0.33363 0.00003 0.00000 0.32696 0.23202

observation: 6
0.69727 0.40968 0.22152 0.07369 0.01741 0.08467
0.01720 0.09335 0.49858 0.03345 0.10752 0.07474
0.26848 0.02198 0.24772 0.17399 0.13044 0.28175
0.01466 0.47335 0.00527 0.00004 0.01806 0.45884
0.00239 0.00165 0.02691 0.71883 0.01218 0.09943
0.00000 0.00000 0.00000 0.00000 0.71438 0.00056
