initial: 6
0.00000 0.10401 0.09604 0.21027 0.00000 0.58968

transition: 6
0.20275 0.20511 0.59213 0.00000 0.00001 0.00000
0.01558 0.28711 0.50932 0.00060 0.00000 0.18738
0.49571 0.00613 0.19553 0.30262 0.00000 0.00000
0.20036 0.00023 0.00109 0.59875 0.00000 0.19956
0.00000 0.10223 0.00000 0.00000 0.50292 0.39485
0.39790 0.00003 0.00000 0.00000 0.30324 0.29884

observation: 6
0.49498 0.69812 0.30131 0.10046 0.00005 0.09948
0.00192 0.00230 0.40056 0.09916 0.10294 0.09592
0.00000 0.29836 0.19988 0.19642 0.09863 0.30135
0.50310 0.00122 0.09806 0.00000 0.00361 0.40219
0.00000 0.00000 0.00018 0.60395 0.00207 0.10106
0.00000 0.00000 0.00000 0.00000 0.79270 0.00000
