initial: 6
0.71960 0.00051 0.09171 0.18818 0.00000 0.00000

transition: 6
0.30875 0.00136 0.49290 0.00031 0.00000 0.19668
0.00082 0.20097 0.79693 0.00128 0.00000 0.00000
0.00040 0.49966 0.20120 0.29874 0.00000 0.00000
0.00002 0.20164 0.00001 0.59768 0.00000 0.20065
0.10494 0.00000 0.00000 0.00000 0.49872 0.39634
0.00005 0.39497 0.00000 0.00000 0.30086 0.30412

observation: 6
0.99544 0.49844 0.29765 0.09825 0.00047 0.09893
0.00243 0.00016 0.40020 0.09970 0.10422 0.09740
0.00212 0.00217 0.20077 0.80205 0.09094 0.30905
0.00000 0.49920 0.10132 0.00000 0.00497 0.39572
0.00000 0.00003 0.00007 0.00000 0.00243 0.09890
0.00000 0.00000 0.00000 0.00000 0.79697 0.00000
