initial: 6
0.00062 0.16282 0.05518 0.20668 0.00000 0.57471

transition: 6
0.15689 0.50343 0.33799 0.00025 0.00030 0.00114
0.14252 0.43358 0.25973 0.09229 0.00000 0.07188
0.55184 0.03059 0.06022 0.35657 0.00037 0.00040
0.19428 0.01635 0.00892 0.58979 0.00026 0.19041
0.00249 0.11040 0.00000 0.00000 0.52739 0.35971
0.40100 0.00813 0.00000 0.00000 0.33171 0.25916

observation: 6
0.46122 0.58396 0.17129 0.09830 0.01241 0.09566
0.00864 0.09309 0.54232 0.09175 0.09865 0.08540
0.00172 0.20697 0.19881 0.19202 0.10957 0.31850
0.52827 0.11589 0.07993 0.00000 0.01864 0.39588
0.00015 0.00009 0.00765 0.61792 0.00393 0.10457
0.00000 0.00000 0.00000 0.00000 0.75680 0.00000
