initial: 6
0.77045 0.00000 0.05626 0.17329 0.00000 0.00000

transition: 6
0.29954 0.15747 0.39141 0.00792 0.00012 0.14355
0.22290 0.35477 0.39317 0.02908 0.00000 0.00008
0.02708 0.59464 0.01218 0.35659 0.00062 0.00889
0.01935 0.19353 0.01192 0.57381 0.00037 0.20101
0.10569 0.00026 0.00000 0.00000 0.53531 0.35874
0.04420 0.38169 0.00000 0.00000 0.32347 0.25063

observation: 6
0.67779 0.44791 0.24802 0.08399 0.01079 0.09309
0.01864 0.06036 0.48192 0.08459 0.10910 0.07502
0.29227 0.00924 0.23292 0.18975 0.11019 0.30105
0.01030 0.48199 0.02215 0.00000 0.01516 0.42925
0.00100 0.00051 0.01499 0.64167 0.00656 0.10154
0.00000 0.00000 0.00000 0.00000 0.74821 0.00004
