initial: 6
0.77514 0.00000 0.05154 0.17332 0.00000 0.00000

transition: 6
0.26100 0.16043 0.41365 0.03320 0.00001 0.13171
0.02461 0.38462 0.55355 0.03722 0.00000 0.00000
0.05248 0.57989 0.03731 0.32974 0.00000 0.00058
0.03584 0.17179 0.00067 0.57236 0.00057 0.21878
0.10765 0.00002 0.00000 0.00000 0.58589 0.30644
0.03325 0.43263 0.00068 0.00000 0.32493 0.20850

observation: 6
0.95305 0.42906 0.25315 0.07208 0.01894 0.09077
0.01666 0.04844 0.48108 0.09287 0.10992 0.07551
0.01857 0.03326 0.24392 0.83410 0.11047 0.32527
0.01172 0.48925 0.02185 0.00095 0.06195 0.41218
0.00000 0.00000 0.00000 0.00000 0.02016 0.09628
0.00000 0.00000 0.00000 0.00000 0.67856 0.00000
