initial: 6
0.77316 0.14405 0.03568 0.04702 0.00005 0.00004

transition: 6
0.28976 0.37383 0.10729 0.08532 0.08090 0.06291
0.08206 0.31033 0.36645 0.07897 0.08009 0.08209
0.13001 0.08500 0.29111 0.39924 0.05419 0.04045
0.10540 0.11134 0.09313 0.31244 0.31833 0.05936
0.02481 0.04452 0.06642 0.03123 0.44995 0.38307
0.31275 0.06279 0.10710 0.13946 0.11203 0.26587

observation: 6
0.11398 0.28953 0.06201 0.06486 0.24249 0.10298
0.20369 0.27683 0.16626 0.09136 0.01177 0.01479
0.30207 0.20724 0.23265 0.33968 0.25363 0.22814
0.34406 0.13324 0.24287 0.42465 0.08278 0.11620
0.03525 0.08837 0.29480 0.07611 0.08398 0.45439
0.00095 0.00480 0.00141 0.00335 0.32534 0.08351
