initial: 6
0.59027 0.13361 0.11604 0.15988 0.00018 0.00002

transition: 6
0.48189 0.42288 0.05893 0.01941 0.00648 0.01041
0.20031 0.51868 0.23157 0.03637 0.00479 0.00828
0.17827 0.12832 0.25971 0.39399 0.01723 0.02249
0.17696 0.10565 0.07360 0.53345 0.07496 0.03539
0.04872 0.02826 0.01007 0.00791 0.56460 0.34044
0.27085 0.05766 0.01318 0.00411 0.20214 0.45205

observation: 6
0.46577 0.44521 0.22305 0.06389 0.02656 0.05128
0.08676 0.18787 0.28918 0.05595 0.08593 0.07602
0.16857 0.10470 0.23127 0.17611 0.21889 0.18833
0.27631 0.25923 0.09566 0.04761 0.14755 0.28741
0.00260 0.00298 0.16085 0.65644 0.04890 0.01558
0.00000 0.00000 0.00000 0.00000 0.47218 0.38137
