initial: 6
0.72060 0.00001 0.09204 0.18735 0.00000 0.00000

transition: 6
0.30822 0.00682 0.48643 0.00163 0.00000 0.19690
0.00059 0.21123 0.78184 0.00634 0.00000 0.00000
0.00129 0.50665 0.19304 0.29902 0.00000 0.00000
0.00060 0.20203 0.00001 0.59616 0.00000 0.20120
0.10491 0.00000 0.00000 0.00000 0.50437 0.39072
0.00037 0.39843 0.00000 0.00000 0.30248 0.29873

observation: 6
0.99516 0.49667 0.29628 0.09704 0.00200 0.09836
0.00221 0.00193 0.40502 0.09928 0.10449 0.09648
0.00245 0.00443 0.20050 0.80367 0.09144 0.31038
0.00019 0.49697 0.09820 0.00001 0.00987 0.39571
0.00000 0.00000 0.00000 0.00000 0.00355 0.09908
0.00000 0.00000 0.00000 0.00000 0.78866 0.00000
