initial: 6
0.72380 0.00248 0.08718 0.18654 0.00000 0.00000

transition: 6
0.29560 0.02007 0.49652 0.00235 0.00000 0.18546
0.20322 0.20662 0.58949 0.00066 0.00001 0.00001
0.00449 0.50067 0.19170 0.30289 0.00000 0.00026
0.00067 0.20251 0.00015 0.59692 0.00000 0.19976
0.10751 0.00000 0.00000 0.00000 0.50285 0.38964
0.00155 0.39451 0.00000 0.00000 0.30586 0.29808

observation: 6
0.69365 0.49539 0.29935 0.09970 0.00121 0.09728
0.00312 0.00343 0.40261 0.09857 0.10250 0.09664
0.30267 0.00069 0.20044 0.19577 0.09777 0.30270
0.00054 0.50049 0.09722 0.00000 0.00349 0.40399
0.00001 0.00000 0.00038 0.60596 0.00277 0.09939
0.00000 0.00000 0.00000 0.00000 0.79227 0.00000
