initial: 6
0.00000 0.11064 0.09132 0.21002 0.00000 0.58802

transition: 6
0.20284 0.22301 0.57414 0.00001 0.00000 0.00000
0.04745 0.29019 0.47996 0.00946 0.00000 0.17294
0.49756 0.00881 0.18621 0.30743 0.00000 0.00000
0.20044 0.00123 0.00141 0.59847 0.00000 0.19846
0.00000 0.10443 0.00000 0.00000 0.50525 0.39032
0.39881 0.00017 0.00000 0.00000 0.30592 0.29510

observation: 6
0.49282 0.68821 0.29354 0.10058 0.00139 0.09787
0.00306 0.00885 0.40973 0.09819 0.10191 0.09594
0.00001 0.29530 0.19762 0.19632 0.10001 0.30173
0.50410 0.00763 0.09871 0.00000 0.00520 0.40278
0.00000 0.00001 0.00040 0.60491 0.00205 0.10167
0.00000 0.00000 0.00000 0.00000 0.78945 0.00000
