initial: 6
0.75348 0.00000 0.06495 0.18157 0.00000 0.00000

transition: 6
0.30081 0.08297 0.44704 0.00821 0.00000 0.16098
0.22283 0.26966 0.49636 0.01113 0.00000 0.00002
0.01220 0.55640 0.09367 0.33590 0.00007 0.00176
0.00511 0.20822 0.00082 0.59020 0.00003 0.19562
0.10758 0.00001 0.00000 0.00000 0.51387 0.37854
0.01166 0.39426 0.00000 0.00000 0.31585 0.27822

observation: 6
0.67807 0.47505 0.27437 0.09571 0.00564 0.09464
0.01600 0.03165 0.43801 0.09345 0.10524 0.08602
0.30066 0.00379 0.20921 0.19482 0.09774 0.30818
0.00511 0.48947 0.07524 0.00000 0.00993 0.41023
0.00017 0.00004 0.00317 0.61602 0.00332 0.10093
0.00000 0.00000 0.00000 0.00000 0.77814 0.00000
