initial: 6
0.49299 0.50701 0.00000 0.00000 0.00000 0.00000

transition: 6
0.27626 0.42977 0.01113 0.28041 0.00022 0.00221
0.00646 0.50499 0.20024 0.00021 0.00005 0.28804
0.00685 0.00176 0.21649 0.77137 0.00047 0.00307
0.00044 0.00648 0.00772 0.24792 0.53118 0.20626
0.00000 0.00000 0.00000 0.00000 0.50088 0.49912
0.72990 0.00018 0.08523 0.18469 0.00000 0.00000

observation: 6
0.00013 0.29754 0.00912 0.10163 0.29820 0.09727
0.08453 0.39887 0.00021 0.09943 0.00000 0.09950
0.41631 0.19846 0.47761 0.29590 0.30257 0.00000
0.49903 0.10513 0.48929 0.40358 0.00000 0.00000
0.00000 0.00000 0.02377 0.09946 0.00000 0.80323
0.00000 0.00000 0.00000 0.00000 0.39923 0.00000
