initial: 6
0.72004 0.00003 0.09233 0.18760 0.00000 0.00000

transition: 6
0.30828 0.00478 0.48876 0.00126 0.00000 0.19692
0.00061 0.20691 0.78777 0.00471 0.00000 0.00000
0.00105 0.50400 0.19620 0.29875 0.00000 0.00000
0.00036 0.20179 0.00001 0.59670 0.00000 0.20114
0.10489 0.00000 0.00000 0.00000 0.50281 0.39230
0.00026 0.39744 0.00000 0.00000 0.30184 0.30046

observation: 6
0.99546 0.49724 0.29700 0.09754 0.00155 0.09859
0.00217 0.00126 0.40319 0.09941 0.10442 0.09680
0.00230 0.00374 0.20024 0.80305 0.09138 0.30993
0.00006 0.49776 0.09957 0.00000 0.00852 0.39564
0.00000 0.00000 0.00000 0.00000 0.00324 0.09904
0.00000 0.00000 0.00000 0.00000 0.79090 0.00000
