initial: 6
0.00000 0.10450 0.09571 0.21024 0.00000 0.58956

transition: 6
0.20282 0.20633 0.59084 0.00000 0.00000 0.00000
0.01841 0.28712 0.50713 0.00098 0.00000 0.18636
0.49577 0.00639 0.19481 0.30304 0.00000 0.00000
0.20035 0.00032 0.00113 0.59871 0.00000 0.19948
0.00000 0.10244 0.00000 0.00000 0.50314 0.39442
0.39798 0.00004 0.00000 0.00000 0.30347 0.29851

observation: 6
0.49479 0.69731 0.30081 0.10046 0.00010 0.09939
0.00203 0.00277 0.40120 0.09906 0.10285 0.09593
0.00000 0.29823 0.19973 0.19640 0.09875 0.30136
0.50318 0.00169 0.09806 0.00000 0.00382 0.40221
0.00000 0.00000 0.00020 0.60408 0.00207 0.10111
0.00000 0.00000 0.00000 0.00000 0.79240 0.00000
