initial: 6
0.71893 0.00266 0.09100 0.18741 0.00000 0.00000

transition: 6
0.29573 0.00989 0.50471 0.00068 0.00000 0.18899
0.19965 0.20191 0.59814 0.00004 0.00025 0.00001
0.00299 0.49687 0.19973 0.30034 0.00000 0.00007
0.00010 0.20208 0.00026 0.59756 0.00000 0.20002
0.10738 0.00000 0.00000 0.00000 0.50088 0.39175
0.00042 0.39460 0.00000 0.00000 0.30429 0.30069

observation: 6
0.69555 0.49772 0.30197 0.10012 0.00018 0.09760
0.00155 0.00103 0.39894 0.09929 0.10270 0.09734
0.30290 0.00024 0.20034 0.19613 0.09780 0.30220
0.00000 0.50100 0.09861 0.00000 0.00153 0.40377
0.00000 0.00000 0.00014 0.60446 0.00293 0.09909
0.00000 0.00000 0.00000 0.00000 0.79486 0.00000
