initial: 6
0.77778 0.00000 0.05062 0.17160 0.00000 0.00000

transition: 6
0.25273 0.17474 0.41252 0.03798 0.00003 0.12201
0.03178 0.38690 0.54433 0.03699 0.00000 0.00000
0.06214 0.57694 0.02951 0.33056 0.00000 0.00085
0.04122 0.16319 0.00091 0.57075 0.00078 0.22315
0.10745 0.00003 0.00000 0.00000 0.59399 0.29853
0.04013 0.43454 0.00111 0.00000 0.32483 0.19938

observation: 6
0.95082 0.41863 0.24955 0.07036 0.02042 0.09062
0.01696 0.05183 0.48484 0.09212 0.11029 0.07377
0.02015 0.03608 0.24655 0.83634 0.11276 0.32624
0.01207 0.49346 0.01906 0.00118 0.06623 0.41411
0.00000 0.00000 0.00000 0.00000 0.02181 0.09526
0.00000 0.00000 0.00000 0.00000 0.66849 0.00000
