initial: 6
0.00094 0.16337 0.05575 0.20596 0.00000 0.57399

transition: 6
0.15673 0.51081 0.33026 0.00028 0.00042 0.00150
0.14172 0.43848 0.25820 0.09174 0.00000 0.06986
0.55395 0.03219 0.05361 0.35914 0.00051 0.00060
0.19362 0.01739 0.01025 0.58837 0.00034 0.19004
0.00315 0.10998 0.00000 0.00000 0.52873 0.35813
0.40068 0.00919 0.00000 0.00000 0.33339 0.25674

observation: 6
0.45960 0.58005 0.16943 0.09760 0.01284 0.09556
0.00871 0.09631 0.54439 0.09095 0.09882 0.08450
0.00221 0.20353 0.20203 0.19147 0.10980 0.31987
0.52931 0.12001 0.07522 0.00000 0.01956 0.39543
0.00018 0.00010 0.00892 0.61998 0.00417 0.10463
0.00000 0.00000 0.00000 0.00000 0.75480 0.00000
