initial: 6
0.77165 0.00000 0.05736 0.17100 0.00000 0.00000

transition: 6
0.30081 0.16889 0.38331 0.00767 0.00022 0.13910
0.22449 0.36241 0.38302 0.02998 0.00000 0.00009
0.02960 0.59319 0.00904 0.35619 0.00077 0.01121
0.02250 0.18818 0.01716 0.56884 0.00049 0.20284
0.10526 0.00037 0.00000 0.00000 0.53930 0.35506
0.05288 0.37586 0.00001 0.00000 0.32467 0.24658

observation: 6
0.68119 0.44194 0.24400 0.08207 0.01191 0.09213
0.01810 0.06398 0.48687 0.08004 0.10916 0.07418
0.28858 0.01070 0.23579 0.18787 0.11326 0.29850
0.01089 0.48270 0.01567 0.00000 0.01574 0.43353
0.00123 0.00068 0.01767 0.65001 0.00729 0.10158
0.00000 0.00000 0.00000 0.00000 0.74264 0.00007
