initial: 6
0.48754 0.51246 0.00000 0.00000 0.00000 0.00000

transition: 6
0.26216 0.40454 0.01923 0.31054 0.00126 0.00226
0.01127 0.50351 0.20476 0.00089 0.00062 0.27895
0.01657 0.00501 0.21199 0.76063 0.00208 0.00372
0.00101 0.01152 0.01238 0.24110 0.53079 0.20319
0.00000 0.00000 0.00000 0.00000 0.50115 0.49885
0.79120 0.00033 0.02777 0.18069 0.00001 0.00000

observation: 6
0.00021 0.29724 0.01240 0.10167 0.29839 0.09666
0.07847 0.40135 0.00175 0.09867 0.00000 0.09877
0.42151 0.19723 0.46169 0.29547 0.30253 0.00000
0.49981 0.10418 0.47390 0.40421 0.00000 0.00000
0.00000 0.00000 0.05026 0.09998 0.00001 0.80457
0.00000 0.00000 0.00000 0.00000 0.39907 0.00000
