initial: 6
0.71960 0.00051 0.09171 0.18818 0.00000 0.00000

transition: 6
0.30875 0.00135 0.49292 0.00031 0.00000 0.19667
0.00082 0.20095 0.79696 0.00126 0.00000 0.00000
0.00040 0.49965 0.20122 0.29874 0.00000 0.00000
0.00002 0.20164 0.00001 0.59769 0.00000 0.20064
0.10494 0.00000 0.00000 0.00000 0.49870 0.39636
0.00005 0.39495 0.00000 0.00000 0.30086 0.30414

observation: 6
0.99544 0.49844 0.29765 0.09825 0.00046 0.09893
0.00244 0.00016 0.40019 0.09970 0.10422 0.09740
0.00212 0.00216 0.20077 0.80205 0.09093 0.30904
0.00000 0.49920 0.10132 0.00000 0.00495 0.39573
0.00000 0.00003 0.00007 0.00000 0.00243 0.09889
0.00000 0.00000 0.00000 0.00000 0.79702 0.00000
