initial: 6
0.00000 0.10398 0.09606 0.21027 0.00000 0.58969

transition: 6
0.20274 0.20504 0.59221 0.00000 0.00001 0.00000
0.01540 0.28711 0.50946 0.00058 0.00000 0.18744
0.49571 0.00612 0.19557 0.30259 0.00000 0.00000
0.20037 0.00023 0.00109 0.59875 0.00000 0.19957
0.00000 0.10222 0.00000 0.00000 0.50290 0.39488
0.39789 0.00002 0.00000 0.00000 0.30322 0.29886

observation: 6
0.49499 0.69817 0.30135 0.10047 0.00004 0.09949
0.00191 0.00227 0.40052 0.09917 0.10295 0.09592
0.00000 0.29837 0.19989 0.19642 0.09862 0.30135
0.50310 0.00120 0.09807 0.00000 0.00360 0.40219
0.00000 0.00000 0.00017 0.60395 0.00207 0.10105
0.00000 0.00000 0.00000 0.00000 0.79272 0.00000
