initial: 6
0.72004 0.00281 0.08993 0.18722 0.00000 0.00000

transition: 6
0.29559 0.01236 0.50260 0.00108 0.00000 0.18836
0.20064 0.20279 0.59636 0.00014 0.00007 0.00001
0.00342 0.49758 0.19789 0.30098 0.00000 0.00013
0.00023 0.20206 0.00018 0.59745 0.00000 0.20009
0.10735 0.00000 0.00000 0.00000 0.50148 0.39117
0.00071 0.39442 0.00000 0.00000 0.30465 0.30022

observation: 6
0.69510 0.49714 0.30141 0.10004 0.00042 0.09783
0.00197 0.00158 0.39977 0.09915 0.10263 0.09716
0.30290 0.00035 0.20029 0.19602 0.09785 0.30210
0.00003 0.50093 0.09834 0.00000 0.00214 0.40382
0.00000 0.00000 0.00020 0.60479 0.00293 0.09908
0.00000 0.00000 0.00000 0.00000 0.79403 0.00000
