initial: 6
0.50781 0.49219 0.00000 0.00000 0.00000 0.00000

transition: 6
0.29158 0.50759 0.00712 0.19290 0.00000 0.00081
0.00133 0.50160 0.19873 0.00000 0.00000 0.29834
0.00205 0.00028 0.20345 0.78847 0.00001 0.00575
0.00013 0.00151 0.00449 0.27980 0.51387 0.20021
0.00000 0.00000 0.00000 0.00000 0.50080 0.49920
0.59919 0.00001 0.20659 0.19421 0.00000 0.00000

observation: 6
0.00009 0.29987 0.00194 0.10020 0.29867 0.09829
0.09988 0.39660 0.00000 0.10147 0.00000 0.10060
0.40450 0.19993 0.48965 0.29576 0.30235 0.00000
0.49554 0.10360 0.50627 0.40263 0.00000 0.00000
0.00000 0.00000 0.00214 0.09994 0.00000 0.80111
0.00000 0.00000 0.00000 0.00000 0.39899 0.00000
