initial: 6
0.51636 0.48364 0.00000 0.00000 0.00000 0.00000

transition: 6
0.21875 0.43221 0.04529 0.28473 0.01208 0.00694
0.03522 0.45386 0.23219 0.01523 0.02883 0.23469
0.10018 0.02950 0.14294 0.68481 0.03511 0.00746
0.00782 0.04496 0.03220 0.28324 0.48983 0.14194
0.00000 0.00104 0.00012 0.00000 0.50738 0.49146
0.82582 0.00111 0.00930 0.16009 0.00368 0.00000

observation: 6
0.00211 0.30699 0.05131 0.05518 0.30924 0.09360
0.07807 0.41170 0.04744 0.07480 0.00059 0.09424
0.42637 0.18277 0.37123 0.31166 0.30295 0.00003
0.49344 0.09764 0.33093 0.46033 0.00011 0.00000
0.00000 0.00089 0.19909 0.09802 0.00223 0.81213
0.00000 0.00000 0.00000 0.00000 0.38487 0.00000
