initial: 6
0.00000 0.10506 0.09533 0.21020 0.00000 0.58941

transition: 6
0.20289 0.20775 0.58935 0.00000 0.00000 0.00000
0.02152 0.28719 0.50464 0.00149 0.00000 0.18516
0.49585 0.00666 0.19399 0.30350 0.00000 0.00000
0.20035 0.00042 0.00117 0.59867 0.00000 0.19939
0.00000 0.10267 0.00000 0.00000 0.50338 0.39395
0.39808 0.00005 0.00000 0.00000 0.30372 0.29814

observation: 6
0.49458 0.69640 0.30021 0.10046 0.00019 0.09925
0.00215 0.00332 0.40194 0.09896 0.10276 0.09594
0.00000 0.29805 0.19956 0.19638 0.09889 0.30138
0.50326 0.00223 0.09806 0.00000 0.00403 0.40225
0.00000 0.00000 0.00023 0.60421 0.00208 0.10118
0.00000 0.00000 0.00000 0.00000 0.79206 0.00000
