initial: 6
0.00000 0.10965 0.09207 0.21004 0.00000 0.58824

transition: 6
0.20293 0.22012 0.57695 0.00001 0.00000 0.00000
0.04325 0.28944 0.48442 0.00775 0.00000 0.17514
0.49717 0.00847 0.18757 0.30678 0.00000 0.00000
0.20042 0.00110 0.00137 0.59849 0.00000 0.19862
0.00000 0.10417 0.00000 0.00000 0.50496 0.39088
0.39870 0.00015 0.00000 0.00000 0.30557 0.29558

observation: 6
0.49311 0.68959 0.29484 0.10054 0.00117 0.09810
0.00293 0.00786 0.40826 0.09830 0.10205 0.09595
0.00001 0.29589 0.19799 0.19632 0.09982 0.30166
0.50395 0.00666 0.09854 0.00000 0.00505 0.40270
0.00000 0.00000 0.00037 0.60483 0.00206 0.10160
0.00000 0.00000 0.00000 0.00000 0.78986 0.00000
