initial: 6
0.71982 0.00007 0.09238 0.18773 0.00000 0.00000

transition: 6
0.30835 0.00380 0.48988 0.00105 0.00000 0.19692
0.00063 0.20498 0.79053 0.00386 0.00000 0.00000
0.00092 0.50273 0.19767 0.29868 0.00000 0.00000
0.00025 0.20168 0.00001 0.59696 0.00000 0.20110
0.10488 0.00000 0.00000 0.00000 0.50194 0.39317
0.00021 0.39690 0.00000 0.00000 0.30150 0.30140

observation: 6
0.99556 0.49753 0.29728 0.09778 0.00130 0.09870
0.00218 0.00095 0.40233 0.09947 0.10438 0.09696
0.00224 0.00337 0.20022 0.80274 0.09133 0.30970
0.00002 0.49815 0.10017 0.00000 0.00776 0.39562
0.00000 0.00000 0.00000 0.00000 0.00306 0.09902
0.00000 0.00000 0.00000 0.00000 0.79215 0.00000
