initial: 6
0.00000 0.10585 0.09479 0.21016 0.00000 0.58919

transition: 6
0.20296 0.20977 0.58727 0.00000 0.00000 0.00000
0.02564 0.28739 0.50119 0.00232 0.00000 0.18346
0.49601 0.00702 0.19286 0.30411 0.00000 0.00000
0.20035 0.00056 0.00121 0.59863 0.00000 0.19925
0.00000 0.10297 0.00000 0.00000 0.50369 0.39334
0.39821 0.00007 0.00000 0.00000 0.30407 0.29765

observation: 6
0.49430 0.69516 0.29936 0.10046 0.00034 0.09905
0.00231 0.00409 0.40298 0.09882 0.10262 0.09595
0.00000 0.29775 0.19930 0.19636 0.09906 0.30142
0.50338 0.00299 0.09810 0.00000 0.00427 0.40232
0.00000 0.00000 0.00026 0.60436 0.00208 0.10126
0.00000 0.00000 0.00000 0.00000 0.79163 0.00000
