initial: 6
0.00000 0.11609 0.08707 0.20990 0.00000 0.58694

transition: 6
0.20197 0.24015 0.55787 0.00001 0.00000 0.00000
0.06861 0.29538 0.45496 0.02016 0.00000 0.16090
0.50006 0.01053 0.17871 0.31070 0.00000 0.00000
0.20057 0.00187 0.00156 0.59836 0.00000 0.19764
0.00000 0.10566 0.00000 0.00000 0.50669 0.38764
0.39931 0.00028 0.00000 0.00000 0.30772 0.29269

observation: 6
0.49133 0.68094 0.28558 0.10079 0.00253 0.09683
0.00367 0.01439 0.41851 0.09768 0.10124 0.09584
0.00002 0.29148 0.19545 0.19633 0.10096 0.30222
0.50498 0.01318 0.09993 0.00000 0.00592 0.40311
0.00000 0.00001 0.00054 0.60520 0.00201 0.10200
0.00000 0.00000 0.00000 0.00000 0.78736 0.00000
