initial: 6
0.50386 0.49614 0.00000 0.00000 0.00000 0.00000

transition: 6
0.28703 0.47804 0.00808 0.22460 0.00003 0.00222
0.00416 0.50209 0.19863 0.00006 0.00000 0.29507
0.00361 0.00072 0.21173 0.78034 0.00014 0.00345
0.00024 0.00377 0.00579 0.26076 0.52504 0.20440
0.00000 0.00000 0.00000 0.00000 0.50093 0.49907
0.64215 0.00008 0.16911 0.18865 0.00000 0.00000

observation: 6
0.00007 0.29936 0.00535 0.10080 0.29828 0.09772
0.09473 0.39737 0.00002 0.10062 0.00000 0.10008
0.40821 0.19931 0.48589 0.29547 0.30264 0.00000
0.49700 0.10397 0.50047 0.40329 0.00000 0.00000
0.00000 0.00000 0.00826 0.09981 0.00000 0.80220
0.00000 0.00000 0.00000 0.00000 0.39908 0.00000
