initial: 6
0.71982 0.00007 0.09238 0.18773 0.00000 0.00000

transition: 6
0.30835 0.00384 0.48983 0.00106 0.00000 0.19692
0.00063 0.20505 0.79042 0.00390 0.00000 0.00000
0.00093 0.50278 0.19761 0.29868 0.00000 0.00000
0.00025 0.20168 0.00001 0.59695 0.00000 0.20110
0.10488 0.00000 0.00000 0.00000 0.50198 0.39314
0.00021 0.39692 0.00000 0.00000 0.30151 0.30136

observation: 6
0.99556 0.49752 0.29727 0.09777 0.00131 0.09870
0.00218 0.00096 0.40237 0.09947 0.10439 0.09696
0.00224 0.00338 0.20022 0.80275 0.09133 0.30971
0.00003 0.49813 0.10015 0.00000 0.00780 0.39562
0.00000 0.00000 0.00000 0.00000 0.00307 0.09902
0.00000 0.00000 0.00000 0.00000 0.79210 0.00000
