initial: 6
0.50791 0.49209 0.00000 0.00000 0.00000 0.00000

transition: 6
0.29138 0.50713 0.00731 0.19312 0.00000 0.00107
0.00167 0.50142 0.19868 0.00001 0.00000 0.29822
0.00208 0.00032 0.20422 0.78796 0.00002 0.00540
0.00013 0.00173 0.00457 0.27835 0.51475 0.20046
0.00000 0.00000 0.00000 0.00000 0.50081 0.49919
0.59982 0.00001 0.20644 0.19372 0.00000 0.00000

observation: 6
0.00006 0.29990 0.00221 0.10026 0.29862 0.09824
0.09985 0.39660 0.00000 0.10148 0.00000 0.10057
0.40454 0.19992 0.48923 0.29568 0.30238 0.00000
0.49555 0.10358 0.50603 0.40264 0.00000 0.00000
0.00000 0.00000 0.00252 0.09994 0.00000 0.80119
0.00000 0.00000 0.00000 0.00000 0.39900 0.00000
