initial: 6
0.00000 0.14096 0.06730 0.20932 0.00000 0.58241

transition: 6
0.18824 0.34898 0.46271 0.00005 0.00000 0.00001
0.13686 0.34014 0.33899 0.07325 0.00000 0.11076
0.51806 0.01766 0.13953 0.32475 0.00000 0.00000
0.19988 0.00572 0.00249 0.59729 0.00000 0.19462
0.00005 0.10917 0.00000 0.00000 0.51368 0.37711
0.40143 0.00127 0.00000 0.00000 0.31579 0.28151

observation: 6
0.48325 0.64434 0.23109 0.10157 0.00721 0.09470
0.00573 0.04344 0.47656 0.09593 0.09911 0.09386
0.00009 0.26115 0.18548 0.19605 0.10520 0.30647
0.51092 0.05104 0.10545 0.00000 0.00948 0.40179
0.00001 0.00003 0.00142 0.60645 0.00215 0.10318
0.00000 0.00000 0.00000 0.00000 0.77684 0.00000
