initial: 6
0.72845 0.00000 0.08660 0.18495 0.00000 0.00000

transition: 6
0.30863 0.02810 0.46302 0.00413 0.00000 0.19613
0.00098 0.25925 0.72112 0.01865 0.00000 0.00000
0.00336 0.53101 0.16177 0.30384 0.00000 0.00001
0.00305 0.20383 0.00003 0.59127 0.00001 0.20180
0.10542 0.00000 0.00000 0.00000 0.51589 0.37869
0.00154 0.40531 0.00000 0.00000 0.30775 0.28540

observation: 6
0.99002 0.49181 0.28647 0.09230 0.00513 0.09647
0.00346 0.00859 0.42434 0.09822 0.10508 0.09369
0.00408 0.00970 0.20757 0.80945 0.09220 0.31369
0.00244 0.48990 0.08161 0.00003 0.01946 0.39660
0.00000 0.00000 0.00000 0.00000 0.00582 0.09955
0.00000 0.00000 0.00000 0.00000 0.77231 0.00000
