initial: 6
0.73917 0.00002 0.07695 0.18386 0.00000 0.00000

transition: 6
0.29798 0.04927 0.47280 0.00633 0.00000 0.17361
0.21319 0.23038 0.55203 0.00439 0.00000 0.00001
0.00767 0.52094 0.15616 0.31450 0.00001 0.00073
0.00232 0.20549 0.00028 0.59425 0.00000 0.19766
0.10792 0.00000 0.00000 0.00000 0.50697 0.38510
0.00509 0.39457 0.00000 0.00000 0.31051 0.28983

observation: 6
0.68666 0.48760 0.28870 0.09810 0.00352 0.09536
0.00882 0.01359 0.41737 0.09610 0.10296 0.09306
0.30142 0.00199 0.20304 0.19527 0.09690 0.30585
0.00303 0.49681 0.08961 0.00000 0.00677 0.40556
0.00006 0.00001 0.00128 0.61054 0.00266 0.10017
0.00000 0.00000 0.00000 0.00000 0.78720 0.00000
