initial: 6
0.71960 0.00024 0.09218 0.18798 0.00000 0.00000

transition: 6
0.30853 0.00240 0.49150 0.00068 0.00000 0.19689
0.00074 0.20244 0.79430 0.00252 0.00000 0.00000
0.00070 0.50093 0.19969 0.29868 0.00000 0.00000
0.00010 0.20155 0.00001 0.59736 0.00000 0.20098
0.10489 0.00000 0.00000 0.00000 0.50042 0.39468
0.00012 0.39595 0.00000 0.00000 0.30098 0.30294

observation: 6
0.99558 0.49800 0.29757 0.09811 0.00089 0.09886
0.00225 0.00050 0.40114 0.09959 0.10432 0.09721
0.00216 0.00276 0.20035 0.80230 0.09120 0.30934
0.00000 0.49874 0.10093 0.00000 0.00645 0.39559
0.00000 0.00000 0.00001 0.00000 0.00275 0.09900
0.00000 0.00000 0.00000 0.00000 0.79438 0.00000
