initial: 6
0.00000 0.10629 0.09449 0.21014 0.00000 0.58908

transition: 6
0.20298 0.21091 0.58610 0.00000 0.00000 0.00000
0.02785 0.28754 0.49926 0.00283 0.00000 0.18251
0.49611 0.00721 0.19224 0.30444 0.00000 0.00000
0.20035 0.00063 0.00124 0.59861 0.00000 0.19918
0.00000 0.10313 0.00000 0.00000 0.50385 0.39302
0.39828 0.00008 0.00000 0.00000 0.30426 0.29739

observation: 6
0.49415 0.69449 0.29887 0.10046 0.00043 0.09894
0.00240 0.00453 0.40357 0.09875 0.10255 0.09595
0.00001 0.29757 0.19916 0.19635 0.09916 0.30144
0.50345 0.00341 0.09813 0.00000 0.00438 0.40237
0.00000 0.00000 0.00027 0.60444 0.00208 0.10131
0.00000 0.00000 0.00000 0.00000 0.79140 0.00000
