initial: 6
0.71974 0.00009 0.09237 0.18779 0.00000 0.00000

transition: 6
0.30839 0.00341 0.49033 0.00096 0.00000 0.19692
0.00065 0.20423 0.79161 0.00350 0.00000 0.00000
0.00087 0.50222 0.19825 0.29867 0.00000 0.00000
0.00021 0.20164 0.00001 0.59707 0.00000 0.20108
0.10488 0.00000 0.00000 0.00000 0.50156 0.39356
0.00018 0.39665 0.00000 0.00000 0.30136 0.30181

observation: 6
0.99558 0.49766 0.29738 0.09788 0.00120 0.09875
0.00219 0.00082 0.40199 0.09950 0.10437 0.09703
0.00222 0.00321 0.20023 0.80261 0.09130 0.30960
0.00001 0.49831 0.10040 0.00000 0.00743 0.39560
0.00000 0.00000 0.00000 0.00000 0.00298 0.09902
0.00000 0.00000 0.00000 0.00000 0.79271 0.00000
