initial: 6
0.50788 0.49212 0.00000 0.00000 0.00000 0.00000

transition: 6
0.29144 0.50731 0.00726 0.19300 0.00000 0.00098
0.00155 0.50148 0.19869 0.00000 0.00000 0.29827
0.00206 0.00031 0.20394 0.78816 0.00001 0.00551
0.00013 0.00166 0.00454 0.27887 0.51443 0.20037
0.00000 0.00000 0.00000 0.00000 0.50081 0.49919
0.59957 0.00001 0.20652 0.19389 0.00000 0.00000

observation: 6
0.00007 0.29989 0.00212 0.10024 0.29864 0.09826
0.09986 0.39660 0.00000 0.10148 0.00000 0.10058
0.40452 0.19992 0.48938 0.29571 0.30237 0.00000
0.49555 0.10359 0.50612 0.40263 0.00000 0.00000
0.00000 0.00000 0.00239 0.09994 0.00000 0.80116
0.00000 0.00000 0.00000 0.00000 0.39900 0.00000
