initial: 6
0.72074 0.00285 0.08931 0.18709 0.00000 0.00000

transition: 6
0.29553 0.01396 0.50134 0.00134 0.00000 0.18783
0.20117 0.20349 0.59508 0.00022 0.00003 0.00001
0.00367 0.49812 0.19670 0.30135 0.00000 0.00016
0.00032 0.20212 0.00016 0.59735 0.00000 0.20006
0.10737 0.00000 0.00000 0.00000 0.50181 0.39082
0.00088 0.39441 0.00000 0.00000 0.30490 0.29981

observation: 6
0.69483 0.49678 0.30102 0.09997 0.00058 0.09777
0.00220 0.00194 0.40032 0.09904 0.10260 0.09706
0.30289 0.00043 0.20029 0.19596 0.09785 0.30218
0.00008 0.50086 0.09814 0.00000 0.00247 0.40385
0.00000 0.00000 0.00023 0.60503 0.00290 0.09913
0.00000 0.00000 0.00000 0.00000 0.79360 0.00000
