initial: 6
0.75810 0.00000 0.06146 0.18044 0.00000 0.00000

transition: 6
0.30078 0.09748 0.43626 0.00839 0.00000 0.15709
0.22416 0.28863 0.47250 0.01468 0.00000 0.00003
0.01468 0.57123 0.06640 0.34505 0.00012 0.00251
0.00694 0.20802 0.00141 0.58803 0.00006 0.19554
0.10728 0.00002 0.00000 0.00000 0.51755 0.37515
0.01577 0.39374 0.00000 0.00000 0.31773 0.27275

observation: 6
0.67516 0.46987 0.26853 0.09412 0.00651 0.09456
0.01807 0.03967 0.44663 0.09264 0.10627 0.08307
0.30053 0.00465 0.21316 0.19442 0.09912 0.30812
0.00599 0.48574 0.06721 0.00000 0.01120 0.41310
0.00025 0.00007 0.00447 0.61882 0.00379 0.10115
0.00000 0.00000 0.00000 0.00000 0.77312 0.00000
