initial: 6
0.75028 0.00000 0.06978 0.17994 0.00000 0.00000

transition: 6
0.30325 0.07770 0.42166 0.01170 0.00000 0.18570
0.00377 0.34095 0.62233 0.03295 0.00000 0.00000
0.01236 0.56855 0.10419 0.31485 0.00000 0.00006
0.01139 0.20089 0.00012 0.58195 0.00010 0.20554
0.10704 0.00000 0.00000 0.00000 0.54220 0.35076
0.00732 0.41913 0.00003 0.00000 0.31795 0.25557

observation: 6
0.97356 0.47605 0.26745 0.08232 0.01073 0.09328
0.00941 0.02464 0.45815 0.09557 0.10709 0.08667
0.00931 0.01948 0.22656 0.82190 0.09821 0.31873
0.00771 0.47982 0.04783 0.00021 0.03735 0.40171
0.00000 0.00000 0.00000 0.00000 0.01121 0.09961
0.00000 0.00000 0.00000 0.00000 0.73541 0.00000
