initial: 6
0.00004 0.15536 0.05748 0.20878 0.00000 0.57834

transition: 6
0.16768 0.44186 0.39015 0.00012 0.00003 0.00017
0.14775 0.39385 0.28117 0.09145 0.00000 0.08578
0.53601 0.02285 0.10197 0.33912 0.00003 0.00002
0.19739 0.01086 0.00438 0.59477 0.00004 0.19256
0.00051 0.11085 0.00000 0.00000 0.52041 0.36824
0.40208 0.00368 0.00000 0.00000 0.32334 0.27090

observation: 6
0.47232 0.61119 0.19005 0.10086 0.01003 0.09522
0.00757 0.06964 0.52158 0.09426 0.09844 0.09014
0.00040 0.23010 0.18657 0.19457 0.10795 0.31195
0.51966 0.08903 0.09856 0.00000 0.01378 0.39866
0.00005 0.00005 0.00324 0.61032 0.00283 0.10403
0.00000 0.00000 0.00000 0.00000 0.76697 0.00000
