initial: 6
0.72080 0.00001 0.09192 0.18727 0.00000 0.00000

transition: 6
0.30821 0.00749 0.48568 0.00173 0.00000 0.19689
0.00060 0.21268 0.77989 0.00683 0.00000 0.00000
0.00136 0.50750 0.19201 0.29913 0.00000 0.00000
0.00067 0.20211 0.00001 0.59600 0.00000 0.20122
0.10492 0.00000 0.00000 0.00000 0.50483 0.39025
0.00040 0.39871 0.00000 0.00000 0.30268 0.29822

observation: 6
0.99504 0.49650 0.29602 0.09688 0.00213 0.09828
0.00223 0.00214 0.40562 0.09925 0.10451 0.09638
0.00249 0.00464 0.20062 0.80386 0.09145 0.31051
0.00024 0.49672 0.09774 0.00001 0.01026 0.39573
0.00000 0.00000 0.00000 0.00000 0.00363 0.09910
0.00000 0.00000 0.00000 0.00000 0.78801 0.00000
