initial: 6
0.00000 0.13749 0.06994 0.20939 0.00000 0.58318

transition: 6
0.19152 0.33026 0.47816 0.00004 0.00000 0.00001
0.13039 0.33108 0.35461 0.06671 0.00000 0.11721
0.51480 0.01670 0.14598 0.32252 0.00000 0.00000
0.20017 0.00495 0.00229 0.59757 0.00000 0.19501
0.00003 0.10874 0.00000 0.00000 0.51249 0.37874
0.40113 0.00102 0.00000 0.00000 0.31447 0.28339

observation: 6
0.48480 0.65048 0.24046 0.10152 0.00657 0.09478
0.00542 0.03869 0.46654 0.09619 0.09933 0.09435
0.00007 0.26695 0.18654 0.19618 0.10457 0.30561
0.50971 0.04386 0.10524 0.00000 0.00881 0.40225
0.00001 0.00002 0.00123 0.60610 0.00208 0.10301
0.00000 0.00000 0.00000 0.00000 0.77863 0.00000
