initial: 6
0.50368 0.49632 0.00000 0.00000 0.00000 0.00000

transition: 6
0.28687 0.47707 0.00811 0.22570 0.00003 0.00222
0.00420 0.50215 0.19863 0.00006 0.00000 0.29496
0.00365 0.00074 0.21183 0.78021 0.00014 0.00343
0.00025 0.00381 0.00582 0.26043 0.52523 0.20447
0.00000 0.00000 0.00000 0.00000 0.50093 0.49907
0.64369 0.00009 0.16766 0.18856 0.00000 0.00000

observation: 6
0.00007 0.29933 0.00542 0.10081 0.29828 0.09771
0.09453 0.39739 0.00002 0.10059 0.00000 0.10007
0.40835 0.19929 0.48581 0.29548 0.30264 0.00000
0.49705 0.10399 0.50030 0.40331 0.00000 0.00000
0.00000 0.00000 0.00844 0.09981 0.00000 0.80222
0.00000 0.00000 0.00000 0.00000 0.39908 0.00000
