initial: 6
0.72632 0.00000 0.08812 0.18556 0.00000 0.00000

transition: 6
0.30854 0.02270 0.46881 0.00353 0.00000 0.19641
0.00085 0.24737 0.73576 0.01602 0.00000 0.00000
0.00282 0.52541 0.16918 0.30259 0.00000 0.00000
0.00240 0.20354 0.00002 0.59244 0.00001 0.20158
0.10527 0.00000 0.00000 0.00000 0.51319 0.38154
0.00121 0.40375 0.00000 0.00000 0.30651 0.28854

observation: 6
0.99148 0.49304 0.28905 0.09346 0.00445 0.09688
0.00306 0.00693 0.41956 0.09850 0.10493 0.09436
0.00364 0.00851 0.20546 0.80801 0.09188 0.31300
0.00182 0.49153 0.08593 0.00002 0.01731 0.39631
0.00000 0.00000 0.00000 0.00000 0.00528 0.09945
0.00000 0.00000 0.00000 0.00000 0.77616 0.00000
