initial: 6
0.38568 0.17166 0.14436 0.12926 0.10851 0.06053

transition: 6
0.36105 0.33449 0.08210 0.07876 0.06952 0.07407
0.13122 0.36521 0.26835 0.08511 0.07235 0.07777
0.12078 0.11282 0.29410 0.29155 0.08969 0.09106
0.11631 0.10875 0.09845 0.29738 0.28460 0.09451
0.10552 0.09799 0.08938 0.09319 0.31252 0.30140
0.31825 0.09807 0.08638 0.08998 0.10419 0.30311

observation: 6
0.46048 0.45244 0.24352 0.20363 0.18440 0.21081
0.14006 0.16457 0.18783 0.16702 0.08327 0.08491
0.14074 0.13421 0.17267 0.17774 0.18986 0.18060
0.20064 0.19337 0.20432 0.19645 0.19596 0.23852
0.03922 0.04390 0.17371 0.22072 0.20306 0.14574
0.01886 0.01152 0.01795 0.03443 0.14346 0.13943
