initial: 6
0.16700 0.07763 0.21117 0.24261 0.20880 0.09279

transition: 6
0.36389 0.33605 0.08057 0.07687 0.06878 0.07385
0.13359 0.37140 0.26522 0.08327 0.07016 0.07636
0.12372 0.11489 0.29243 0.28815 0.08944 0.09138
0.11894 0.11037 0.09750 0.29314 0.28497 0.09508
0.10605 0.09751 0.08705 0.09084 0.31497 0.30358
0.32169 0.09831 0.08461 0.08805 0.10416 0.30319

observation: 6
0.43740 0.45492 0.23287 0.19124 0.16893 0.20604
0.14388 0.16247 0.18702 0.16449 0.08047 0.08187
0.13636 0.13086 0.17213 0.17854 0.18886 0.17997
0.21922 0.19447 0.21154 0.20573 0.20274 0.23620
0.04033 0.04378 0.17602 0.22021 0.19657 0.13998
0.02281 0.01350 0.02041 0.03980 0.16243 0.15594
