initial: 6
0.50791 0.49209 0.00000 0.00000 0.00000 0.00000

transition: 6
0.29099 0.50538 0.00746 0.19471 0.00000 0.00147
0.00224 0.50116 0.19866 0.00001 0.00000 0.29793
0.00227 0.00039 0.20593 0.78655 0.00004 0.00482
0.00015 0.00212 0.00478 0.27524 0.51663 0.20109
0.00000 0.00000 0.00000 0.00000 0.50085 0.49915
0.60222 0.00003 0.20503 0.19273 0.00000 0.00000

observation: 6
0.00005 0.29993 0.00274 0.10037 0.29853 0.09813
0.09965 0.39662 0.00001 0.10146 0.00000 0.10051
0.40471 0.19988 0.48847 0.29555 0.30244 0.00000
0.49560 0.10357 0.50549 0.40268 0.00000 0.00000
0.00000 0.00000 0.00330 0.09993 0.00000 0.80135
0.00000 0.00000 0.00000 0.00000 0.39903 0.00000
