initial: 6
0.72051 0.00001 0.09210 0.18739 0.00000 0.00000

transition: 6
0.30822 0.00650 0.48680 0.00158 0.00000 0.19690
0.00059 0.21053 0.78278 0.00609 0.00000 0.00000
0.00125 0.50623 0.19354 0.29897 0.00000 0.00000
0.00056 0.20199 0.00001 0.59625 0.00000 0.20119
0.10490 0.00000 0.00000 0.00000 0.50415 0.39095
0.00035 0.39828 0.00000 0.00000 0.30238 0.29898

observation: 6
0.99521 0.49676 0.29640 0.09712 0.00193 0.09839
0.00220 0.00182 0.40473 0.09930 0.10448 0.09653
0.00242 0.00433 0.20044 0.80357 0.09143 0.31031
0.00016 0.49709 0.09843 0.00001 0.00967 0.39570
0.00000 0.00000 0.00000 0.00000 0.00350 0.09907
0.00000 0.00000 0.00000 0.00000 0.78899 0.00000
