initial: 6
0.00000 0.10649 0.09435 0.21014 0.00000 0.58903

transition: 6
0.20299 0.21142 0.58558 0.00000 0.00000 0.00000
0.02880 0.28762 0.49842 0.00307 0.00000 0.18209
0.49616 0.00729 0.19197 0.30459 0.00000 0.00000
0.20035 0.00066 0.00125 0.59860 0.00000 0.19915
0.00000 0.10319 0.00000 0.00000 0.50393 0.39288
0.39830 0.00008 0.00000 0.00000 0.30434 0.29727

observation: 6
0.49409 0.69419 0.29865 0.10047 0.00047 0.09889
0.00243 0.00472 0.40383 0.09872 0.10252 0.09595
0.00001 0.29749 0.19910 0.19635 0.09920 0.30145
0.50348 0.00360 0.09814 0.00000 0.00443 0.40239
0.00000 0.00000 0.00028 0.60447 0.00208 0.10133
0.00000 0.00000 0.00000 0.00000 0.79130 0.00000
