initial: 6
0.00000 0.10985 0.09192 0.21004 0.00000 0.58820

transition: 6
0.20291 0.22068 0.57640 0.00001 0.00000 0.00000
0.04409 0.28958 0.48354 0.00808 0.00000 0.17471
0.49725 0.00854 0.18730 0.30691 0.00000 0.00000
0.20042 0.00113 0.00138 0.59848 0.00000 0.19859
0.00000 0.10422 0.00000 0.00000 0.50501 0.39076
0.39872 0.00015 0.00000 0.00000 0.30564 0.29549

observation: 6
0.49305 0.68932 0.29459 0.10055 0.00121 0.09805
0.00296 0.00805 0.40854 0.09828 0.10202 0.09595
0.00001 0.29578 0.19791 0.19632 0.09986 0.30167
0.50398 0.00685 0.09857 0.00000 0.00508 0.40272
0.00000 0.00000 0.00038 0.60485 0.00206 0.10161
0.00000 0.00000 0.00000 0.00000 0.78977 0.00000
