initial: 6
0.72124 0.00285 0.08891 0.18700 0.00000 0.00000

transition: 6
0.29551 0.01504 0.50049 0.00152 0.00000 0.18744
0.20152 0.20400 0.59417 0.00029 0.00002 0.00001
0.00382 0.49852 0.19588 0.30160 0.00000 0.00018
0.00038 0.20217 0.00015 0.59728 0.00000 0.20002
0.10739 0.00000 0.00000 0.00000 0.50201 0.39060
0.00100 0.39443 0.00000 0.00000 0.30506 0.29951

observation: 6
0.69464 0.49654 0.30074 0.09992 0.00069 0.09770
0.00236 0.00218 0.40070 0.09897 0.10257 0.09699
0.30287 0.00047 0.20031 0.19592 0.09784 0.30225
0.00013 0.50081 0.09799 0.00000 0.00267 0.40387
0.00001 0.00000 0.00026 0.60519 0.00288 0.09918
0.00000 0.00000 0.00000 0.00000 0.79334 0.00000
