initial: 6
0.00000 0.11005 0.09177 0.21003 0.00000 0.58815

transition: 6
0.20290 0.22127 0.57583 0.00001 0.00000 0.00000
0.04495 0.28973 0.48263 0.00842 0.00000 0.17426
0.49732 0.00861 0.18703 0.30704 0.00000 0.00000
0.20043 0.00115 0.00139 0.59848 0.00000 0.19855
0.00000 0.10428 0.00000 0.00000 0.50507 0.39065
0.39874 0.00016 0.00000 0.00000 0.30571 0.29539

observation: 6
0.49299 0.68903 0.29433 0.10056 0.00126 0.09801
0.00299 0.00826 0.40884 0.09826 0.10199 0.09595
0.00001 0.29566 0.19784 0.19632 0.09990 0.30169
0.50401 0.00705 0.09861 0.00000 0.00511 0.40273
0.00000 0.00000 0.00039 0.60487 0.00205 0.10163
0.00000 0.00000 0.00000 0.00000 0.78969 0.00000
