initial: 6
0.71978 0.00008 0.09238 0.18776 0.00000 0.00000

transition: 6
0.30837 0.00361 0.49009 0.00101 0.00000 0.19692
0.00064 0.20462 0.79105 0.00369 0.00000 0.00000
0.00090 0.50249 0.19794 0.29867 0.00000 0.00000
0.00023 0.20166 0.00001 0.59701 0.00000 0.20109
0.10488 0.00000 0.00000 0.00000 0.50176 0.39335
0.00020 0.39678 0.00000 0.00000 0.30143 0.30159

observation: 6
0.99557 0.49759 0.29733 0.09783 0.00125 0.09872
0.00218 0.00089 0.40217 0.09949 0.10438 0.09700
0.00223 0.00329 0.20022 0.80268 0.09132 0.30965
0.00002 0.49823 0.10028 0.00000 0.00761 0.39561
0.00000 0.00000 0.00000 0.00000 0.00303 0.09902
0.00000 0.00000 0.00000 0.00000 0.79242 0.00000
