initial: 6
0.00000 0.10381 0.09618 0.21028 0.00000 0.58973

transition: 6
0.20271 0.20459 0.59268 0.00000 0.00002 0.00000
0.01434 0.28713 0.51026 0.00046 0.00000 0.18780
0.49570 0.00602 0.19584 0.30244 0.00000 0.00000
0.20037 0.00019 0.00108 0.59877 0.00000 0.19959
0.00000 0.10214 0.00000 0.00000 0.50282 0.39504
0.39787 0.00002 0.00000 0.00000 0.30314 0.29898

observation: 6
0.49506 0.69847 0.30153 0.10047 0.00003 0.09951
0.00187 0.00209 0.40029 0.09921 0.10298 0.09592
0.00000 0.29840 0.19995 0.19643 0.09857 0.30135
0.50307 0.00103 0.09807 0.00000 0.00351 0.40218
0.00000 0.00000 0.00016 0.60390 0.00206 0.10103
0.00000 0.00000 0.00000 0.00000 0.79284 0.00000
