initial: 6
0.00000 0.10542 0.09508 0.21018 0.00000 0.58931

transition: 6
0.20293 0.20866 0.58841 0.00000 0.00000 0.00000
0.02342 0.28727 0.50307 0.00185 0.00000 0.18439
0.49592 0.00683 0.19347 0.30378 0.00000 0.00000
0.20035 0.00049 0.00119 0.59865 0.00000 0.19933
0.00000 0.10281 0.00000 0.00000 0.50352 0.39367
0.39814 0.00006 0.00000 0.00000 0.30388 0.29792

observation: 6
0.49445 0.69583 0.29983 0.10046 0.00026 0.09916
0.00223 0.00367 0.40241 0.09889 0.10269 0.09594
0.00000 0.29792 0.19944 0.19637 0.09897 0.30139
0.50332 0.00257 0.09808 0.00000 0.00414 0.40228
0.00000 0.00000 0.00024 0.60428 0.00208 0.10122
0.00000 0.00000 0.00000 0.00000 0.79186 0.00000
