initial: 6
0.00000 0.10417 0.09593 0.21026 0.00000 0.58964

transition: 6
0.20277 0.20551 0.59171 0.00000 0.00001 0.00000
0.01652 0.28711 0.50861 0.00072 0.00000 0.18705
0.49573 0.00622 0.19529 0.30276 0.00000 0.00000
0.20036 0.00026 0.00111 0.59874 0.00000 0.19954
0.00000 0.10230 0.00000 0.00000 0.50299 0.39471
0.39792 0.00003 0.00000 0.00000 0.30331 0.29873

observation: 6
0.49492 0.69786 0.30115 0.10046 0.00006 0.09945
0.00195 0.00245 0.40077 0.09913 0.10291 0.09592
0.00000 0.29832 0.19983 0.19641 0.09867 0.30135
0.50313 0.00137 0.09806 0.00000 0.00368 0.40220
0.00000 0.00000 0.00018 0.60400 0.00207 0.10107
0.00000 0.00000 0.00000 0.00000 0.79260 0.00000
