initial: 6
0.76948 0.00000 0.05474 0.17577 0.00000 0.00000

transition: 6
0.27702 0.13443 0.41283 0.02535 0.00000 0.15037
0.01477 0.37783 0.57041 0.03699 0.00000 0.00000
0.03658 0.58218 0.05445 0.32649 0.00000 0.00029
0.02687 0.18441 0.00040 0.57508 0.00033 0.21292
0.10783 0.00001 0.00000 0.00000 0.57200 0.32016
0.02268 0.42941 0.00028 0.00000 0.32408 0.22355

observation: 6
0.95785 0.44645 0.25757 0.07491 0.01637 0.09108
0.01544 0.04175 0.47521 0.09381 0.10924 0.07866
0.01579 0.02877 0.23942 0.83065 0.10651 0.32348
0.01091 0.48303 0.02780 0.00063 0.05441 0.40902
0.00000 0.00000 0.00000 0.00000 0.01733 0.09776
0.00000 0.00000 0.00000 0.00000 0.69614 0.00000
