initial: 6
0.72544 0.00195 0.08639 0.18622 0.00000 0.00000

transition: 6
0.29577 0.02297 0.49419 0.00282 0.00000 0.18425
0.20424 0.20832 0.58652 0.00091 0.00000 0.00001
0.00484 0.50211 0.18904 0.30372 0.00000 0.00030
0.00083 0.20274 0.00015 0.59669 0.00000 0.19959
0.10758 0.00000 0.00000 0.00000 0.50328 0.38914
0.00187 0.39455 0.00000 0.00000 0.30633 0.29725

observation: 6
0.69303 0.49471 0.29845 0.09955 0.00148 0.09703
0.00358 0.00422 0.40382 0.09833 0.10247 0.09641
0.30249 0.00082 0.20056 0.19570 0.09770 0.30300
0.00089 0.50025 0.09672 0.00000 0.00389 0.40407
0.00002 0.00000 0.00045 0.60641 0.00272 0.09950
0.00000 0.00000 0.00000 0.00000 0.79174 0.00000
