initial: 6
0.72117 0.00000 0.09168 0.18714 0.00000 0.00000

transition: 6
0.30821 0.00864 0.48438 0.00190 0.00000 0.19687
0.00060 0.21524 0.77650 0.00766 0.00000 0.00000
0.00148 0.50896 0.19022 0.29935 0.00000 0.00000
0.00080 0.20224 0.00001 0.59571 0.00000 0.20124
0.10494 0.00000 0.00000 0.00000 0.50558 0.38948
0.00046 0.39918 0.00000 0.00000 0.30300 0.29736

observation: 6
0.99482 0.49622 0.29555 0.09661 0.00235 0.09816
0.00227 0.00251 0.40668 0.09919 0.10454 0.09621
0.00258 0.00498 0.20086 0.80419 0.09147 0.31074
0.00033 0.49629 0.09691 0.00001 0.01091 0.39576
0.00000 0.00000 0.00000 0.00000 0.00378 0.09913
0.00000 0.00000 0.00000 0.00000 0.78695 0.00000
