initial: 6
0.72432 0.00000 0.08953 0.18615 0.00000 0.00000

transition: 6
0.30841 0.01745 0.47456 0.00296 0.00000 0.19662
0.00074 0.23545 0.75061 0.01320 0.00000 0.00000
0.00232 0.51959 0.17675 0.30134 0.00000 0.00000
0.00180 0.20314 0.00002 0.59362 0.00001 0.20142
0.10513 0.00000 0.00000 0.00000 0.51051 0.38435
0.00091 0.40217 0.00000 0.00000 0.30526 0.29165

observation: 6
0.99282 0.49420 0.29155 0.09461 0.00374 0.09731
0.00271 0.00530 0.41480 0.09876 0.10478 0.09502
0.00323 0.00729 0.20353 0.80661 0.09166 0.31225
0.00123 0.49321 0.09012 0.00002 0.01512 0.39608
0.00000 0.00000 0.00000 0.00000 0.00474 0.09934
0.00000 0.00000 0.00000 0.00000 0.77996 0.00000
