initial: 6
0.73246 0.00018 0.08248 0.18488 0.00000 0.00000

transition: 6
0.29671 0.03573 0.48377 0.00473 0.00000 0.17906
0.20859 0.21776 0.57127 0.00237 0.00000 0.00001
0.00621 0.51003 0.17505 0.30822 0.00000 0.00048
0.00153 0.20400 0.00019 0.59558 0.00000 0.19871
0.10782 0.00000 0.00000 0.00000 0.50499 0.38719
0.00331 0.39459 0.00000 0.00000 0.30835 0.29375

observation: 6
0.69005 0.49159 0.29402 0.09888 0.00255 0.09608
0.00594 0.00823 0.40986 0.09726 0.10253 0.09508
0.30186 0.00137 0.20151 0.19545 0.09726 0.30440
0.00211 0.49881 0.09380 0.00000 0.00539 0.40459
0.00004 0.00000 0.00081 0.60841 0.00260 0.09986
0.00000 0.00000 0.00000 0.00000 0.78965 0.00000
