initial: 6
0.00000 0.13300 0.07344 0.20949 0.00000 0.58407

transition: 6
0.19492 0.30800 0.49704 0.00004 0.00000 0.00000
0.12032 0.32110 0.37527 0.05751 0.00000 0.12579
0.51102 0.01545 0.15363 0.31990 0.00000 0.00000
0.20043 0.00411 0.00209 0.59784 0.00000 0.19552
0.00001 0.10819 0.00000 0.00000 0.51111 0.38068
0.40073 0.00078 0.00000 0.00000 0.31292 0.28557

observation: 6
0.48647 0.65770 0.25176 0.10141 0.00575 0.09500
0.00505 0.03302 0.45453 0.09650 0.09965 0.09486
0.00005 0.27356 0.18821 0.19628 0.10378 0.30465
0.50842 0.03571 0.10447 0.00000 0.00807 0.40270
0.00001 0.00002 0.00103 0.60580 0.00202 0.10279
0.00000 0.00000 0.00000 0.00000 0.78072 0.00000
