initial: 6
0.00001 0.14772 0.06240 0.20918 0.00000 0.58069

transition: 6
0.17992 0.38945 0.43051 0.00007 0.00001 0.00004
0.14546 0.36191 0.31000 0.08395 0.00000 0.09869
0.52541 0.01964 0.12494 0.33001 0.00000 0.00000
0.19901 0.00766 0.00307 0.59647 0.00001 0.19378
0.00014 0.11001 0.00000 0.00000 0.51638 0.37347
0.40194 0.00202 0.00000 0.00000 0.31879 0.27725

observation: 6
0.47928 0.63061 0.21175 0.10149 0.00848 0.09476
0.00646 0.05401 0.49754 0.09530 0.09875 0.09254
0.00016 0.24799 0.18447 0.19562 0.10648 0.30856
0.51408 0.06735 0.10427 0.00000 0.01111 0.40058
0.00002 0.00003 0.00197 0.60759 0.00237 0.10356
0.00000 0.00000 0.00000 0.00000 0.77281 0.00000
