initial: 6
0.74717 0.00000 0.07016 0.18267 0.00000 0.00000

transition: 6
0.29977 0.06682 0.45913 0.00764 0.00000 0.16664
0.21894 0.24963 0.52379 0.00762 0.00000 0.00002
0.00982 0.53844 0.12566 0.32489 0.00003 0.00116
0.00357 0.20728 0.00047 0.59228 0.00001 0.19638
0.10784 0.00000 0.00000 0.00000 0.51019 0.38196
0.00805 0.39448 0.00000 0.00000 0.31338 0.28409

observation: 6
0.68210 0.48132 0.28125 0.09698 0.00465 0.09483
0.01274 0.02236 0.42804 0.09461 0.10401 0.08961
0.30091 0.00288 0.20578 0.19507 0.09694 0.30741
0.00415 0.49341 0.08283 0.00000 0.00844 0.40758
0.00011 0.00002 0.00211 0.61334 0.00292 0.10058
0.00000 0.00000 0.00000 0.00000 0.78304 0.00000
