initial: 6
0.00000 0.10339 0.09649 0.21030 0.00000 0.58981

transition: 6
0.20264 0.20346 0.59383 0.00000 0.00007 0.00000
0.01161 0.28720 0.51236 0.00022 0.00001 0.18861
0.49570 0.00578 0.19651 0.30201 0.00000 0.00000
0.20042 0.00011 0.00104 0.59880 0.00000 0.19962
0.00000 0.10196 0.00000 0.00000 0.50260 0.39544
0.39785 0.00001 0.00000 0.00000 0.30292 0.29921

observation: 6
0.49524 0.69925 0.30198 0.10048 0.00001 0.09949
0.00176 0.00164 0.39969 0.09930 0.10306 0.09592
0.00000 0.29847 0.20009 0.19644 0.09846 0.30141
0.50300 0.00064 0.09810 0.00000 0.00327 0.40218
0.00000 0.00000 0.00014 0.60378 0.00205 0.10100
0.00000 0.00000 0.00000 0.00000 0.79315 0.00000
