initial: 6
0.00000 0.10385 0.09615 0.21028 0.00000 0.58972

transition: 6
0.20272 0.20469 0.59257 0.00000 0.00001 0.00000
0.01458 0.28712 0.51008 0.00049 0.00000 0.18772
0.49570 0.00605 0.19578 0.30247 0.00000 0.00000
0.20037 0.00020 0.00108 0.59876 0.00000 0.19959
0.00000 0.10216 0.00000 0.00000 0.50284 0.39500
0.39787 0.00002 0.00000 0.00000 0.30316 0.29895

observation: 6
0.49505 0.69840 0.30149 0.10047 0.00003 0.09951
0.00188 0.00213 0.40034 0.09920 0.10297 0.09592
0.00000 0.29840 0.19993 0.19642 0.09858 0.30135
0.50307 0.00107 0.09807 0.00000 0.00353 0.40218
0.00000 0.00000 0.00017 0.60391 0.00206 0.10104
0.00000 0.00000 0.00000 0.00000 0.79281 0.00000
