initial: 6
0.71976 0.00009 0.09238 0.18778 0.00000 0.00000

transition: 6
0.30838 0.00351 0.49021 0.00098 0.00000 0.19692
0.00065 0.20442 0.79134 0.00360 0.00000 0.00000
0.00088 0.50235 0.19810 0.29867 0.00000 0.00000
0.00022 0.20165 0.00001 0.59704 0.00000 0.20108
0.10488 0.00000 0.00000 0.00000 0.50166 0.39346
0.00019 0.39672 0.00000 0.00000 0.30139 0.30170

observation: 6
0.99558 0.49763 0.29736 0.09785 0.00123 0.09873
0.00218 0.00085 0.40208 0.09950 0.10437 0.09701
0.00222 0.00325 0.20022 0.80265 0.09131 0.30963
0.00002 0.49827 0.10034 0.00000 0.00752 0.39561
0.00000 0.00000 0.00000 0.00000 0.00301 0.09902
0.00000 0.00000 0.00000 0.00000 0.79257 0.00000
