initial: 6
0.00000 0.10893 0.09260 0.21006 0.00000 0.58841

transition: 6
0.20297 0.21807 0.57895 0.00001 0.00000 0.00000
0.04012 0.28894 0.48763 0.00657 0.00000 0.17674
0.49691 0.00822 0.18857 0.30631 0.00000 0.00000
0.20040 0.00101 0.00135 0.59851 0.00000 0.19873
0.00000 0.10396 0.00000 0.00000 0.50474 0.39130
0.39862 0.00014 0.00000 0.00000 0.30530 0.29594

observation: 6
0.49332 0.69061 0.29575 0.10052 0.00101 0.09827
0.00283 0.00714 0.40722 0.09839 0.10215 0.09595
0.00001 0.29629 0.19825 0.19632 0.09969 0.30161
0.50384 0.00596 0.09843 0.00000 0.00493 0.40263
0.00000 0.00000 0.00035 0.60477 0.00206 0.10154
0.00000 0.00000 0.00000 0.00000 0.79016 0.00000
