initial: 6
0.72083 0.00285 0.08924 0.18707 0.00000 0.00000

transition: 6
0.29553 0.01416 0.50118 0.00138 0.00000 0.18776
0.20123 0.20358 0.59491 0.00023 0.00003 0.00001
0.00370 0.49819 0.19655 0.30140 0.00000 0.00016
0.00033 0.20213 0.00016 0.59734 0.00000 0.20005
0.10737 0.00000 0.00000 0.00000 0.50185 0.39078
0.00091 0.39441 0.00000 0.00000 0.30493 0.29975

observation: 6
0.69479 0.49673 0.30097 0.09996 0.00060 0.09776
0.00223 0.00198 0.40039 0.09903 0.10259 0.09705
0.30289 0.00043 0.20030 0.19595 0.09785 0.30219
0.00009 0.50085 0.09811 0.00000 0.00250 0.40386
0.00000 0.00000 0.00024 0.60506 0.00290 0.09914
0.00000 0.00000 0.00000 0.00000 0.79355 0.00000
