initial: 6
0.00000 0.11333 0.08925 0.20996 0.00000 0.58746

transition: 6
0.20249 0.23118 0.56631 0.00001 0.00000 0.00000
0.05822 0.29254 0.46774 0.01451 0.00000 0.16699
0.49872 0.00968 0.18252 0.30909 0.00000 0.00000
0.20051 0.00155 0.00149 0.59841 0.00000 0.19804
0.00000 0.10508 0.00000 0.00000 0.50598 0.38894
0.39907 0.00022 0.00000 0.00000 0.30684 0.29388

observation: 6
0.49208 0.68458 0.28979 0.10068 0.00196 0.09732
0.00338 0.01156 0.41390 0.09792 0.10156 0.09590
0.00001 0.29354 0.19657 0.19632 0.10048 0.30195
0.50453 0.01031 0.09927 0.00000 0.00557 0.40297
0.00000 0.00001 0.00047 0.60508 0.00203 0.10185
0.00000 0.00000 0.00000 0.00000 0.78839 0.00000
