initial: 6
0.00000 0.10753 0.09361 0.21010 0.00000 0.58876

transition: 6
0.20301 0.21421 0.58278 0.00000 0.00000 0.00000
0.03379 0.28811 0.49383 0.00446 0.00000 0.17982
0.49645 0.00770 0.19051 0.30534 0.00000 0.00000
0.20037 0.00081 0.00129 0.59855 0.00000 0.19897
0.00000 0.10354 0.00000 0.00000 0.50429 0.39217
0.39845 0.00011 0.00000 0.00000 0.30476 0.29668

observation: 6
0.49375 0.69263 0.29745 0.10049 0.00070 0.09862
0.00261 0.00575 0.40525 0.09857 0.10235 0.09596
0.00001 0.29701 0.19874 0.19634 0.09942 0.30151
0.50363 0.00460 0.09824 0.00000 0.00467 0.40249
0.00000 0.00000 0.00031 0.60461 0.00207 0.10142
0.00000 0.00000 0.00000 0.00000 0.79079 0.00000
