initial: 6
0.50784 0.49216 0.00000 0.00000 0.00000 0.00000

transition: 6
0.29153 0.50749 0.00718 0.19293 0.00000 0.00088
0.00142 0.50155 0.19871 0.00000 0.00000 0.29831
0.00205 0.00029 0.20364 0.78836 0.00001 0.00566
0.00013 0.00157 0.00451 0.27944 0.51408 0.20027
0.00000 0.00000 0.00000 0.00000 0.50080 0.49920
0.59933 0.00001 0.20658 0.19409 0.00000 0.00000

observation: 6
0.00008 0.29988 0.00201 0.10022 0.29865 0.09828
0.09987 0.39660 0.00000 0.10147 0.00000 0.10059
0.40451 0.19993 0.48954 0.29574 0.30235 0.00000
0.49554 0.10359 0.50621 0.40263 0.00000 0.00000
0.00000 0.00000 0.00224 0.09994 0.00000 0.80113
0.00000 0.00000 0.00000 0.00000 0.39899 0.00000
