initial: 6
0.00002 0.15344 0.05863 0.20893 0.00000 0.57897

transition: 6
0.17093 0.42804 0.40080 0.00010 0.00002 0.00011
0.14795 0.38512 0.28785 0.09012 0.00000 0.08896
0.53303 0.02184 0.10877 0.33633 0.00002 0.00001
0.19788 0.00993 0.00394 0.59532 0.00002 0.19292
0.00036 0.11067 0.00000 0.00000 0.51926 0.36971
0.40212 0.00314 0.00000 0.00000 0.32203 0.27272

observation: 6
0.47439 0.61655 0.19529 0.10110 0.00961 0.09507
0.00726 0.06519 0.51574 0.09457 0.09850 0.09087
0.00031 0.23489 0.18554 0.19491 0.10758 0.31095
0.51800 0.08332 0.10062 0.00000 0.01300 0.39920
0.00004 0.00004 0.00280 0.60942 0.00268 0.10391
0.00000 0.00000 0.00000 0.00000 0.76862 0.00000
