initial: 6
0.49212 0.50788 0.00000 0.00000 0.00000 0.00000

transition: 6
0.27511 0.42622 0.01161 0.28460 0.00026 0.00220
0.00674 0.50512 0.20058 0.00024 0.00007 0.28725
0.00732 0.00192 0.21684 0.77029 0.00053 0.00309
0.00047 0.00680 0.00799 0.24711 0.53140 0.20623
0.00000 0.00000 0.00000 0.00000 0.50088 0.49912
0.73745 0.00019 0.07798 0.18438 0.00000 0.00000

observation: 6
0.00014 0.29742 0.00942 0.10171 0.29820 0.09724
0.08373 0.39904 0.00027 0.09936 0.00000 0.09945
0.41700 0.19838 0.47633 0.29591 0.30256 0.00000
0.49914 0.10516 0.48807 0.40357 0.00000 0.00000
0.00000 0.00000 0.02591 0.09945 0.00000 0.80331
0.00000 0.00000 0.00000 0.00000 0.39924 0.00000
