initial: 6
0.72877 0.00075 0.08496 0.18553 0.00000 0.00000

transition: 6
0.29618 0.02876 0.48948 0.00373 0.00000 0.18185
0.20625 0.21222 0.58001 0.00152 0.00000 0.00001
0.00548 0.50540 0.18315 0.30559 0.00000 0.00038
0.00115 0.20328 0.00017 0.59620 0.00000 0.19921
0.10771 0.00000 0.00000 0.00000 0.50406 0.38823
0.00251 0.39458 0.00000 0.00000 0.30726 0.29565

observation: 6
0.69171 0.49335 0.29652 0.09925 0.00200 0.09657
0.00459 0.00593 0.40641 0.09785 0.10246 0.09587
0.30213 0.00107 0.20092 0.19558 0.09751 0.30363
0.00155 0.49965 0.09555 0.00000 0.00462 0.40426
0.00002 0.00000 0.00060 0.60732 0.00264 0.09968
0.00000 0.00000 0.00000 0.00000 0.79078 0.00000
