initial: 6
0.72250 0.00000 0.09080 0.18671 0.00000 0.00000

transition: 6
0.30828 0.01248 0.48006 0.00240 0.00000 0.19678
0.00065 0.22402 0.76510 0.01023 0.00000 0.00000
0.00185 0.51373 0.18424 0.30017 0.00000 0.00000
0.00124 0.20267 0.00002 0.59477 0.00000 0.20131
0.10502 0.00000 0.00000 0.00000 0.50785 0.38713
0.00065 0.40058 0.00000 0.00000 0.30403 0.29474

observation: 6
0.99400 0.49531 0.29387 0.09572 0.00300 0.09777
0.00244 0.00374 0.41023 0.09900 0.10465 0.09567
0.00286 0.00605 0.20189 0.80527 0.09153 0.31144
0.00070 0.49490 0.09401 0.00001 0.01287 0.39589
0.00000 0.00000 0.00000 0.00000 0.00422 0.09922
0.00000 0.00000 0.00000 0.00000 0.78372 0.00000
