initial: 6
0.77316 0.00000 0.06565 0.16119 0.00000 0.00000

transition: 6
0.30847 0.20124 0.35818 0.00664 0.00078 0.12470
0.22920 0.38416 0.35685 0.02963 0.00001 0.00015
0.03716 0.57836 0.00478 0.35777 0.00129 0.02065
0.03212 0.17230 0.04100 0.54463 0.00099 0.20896
0.10403 0.00090 0.00000 0.00000 0.55138 0.34369
0.08360 0.35196 0.00002 0.00000 0.32741 0.23701

observation: 6
0.69203 0.42273 0.23009 0.07656 0.01532 0.08793
0.01715 0.07920 0.49581 0.05539 0.10791 0.07435
0.27633 0.01663 0.24315 0.18023 0.12356 0.28892
0.01253 0.48015 0.00694 0.00002 0.01723 0.44770
0.00196 0.00128 0.02401 0.68781 0.01001 0.10082
0.00000 0.00000 0.00000 0.00000 0.72596 0.00028
