initial: 6
0.71936 0.00273 0.09057 0.18734 0.00000 0.00000

transition: 6
0.29567 0.01083 0.50389 0.00083 0.00000 0.18878
0.20005 0.20221 0.59749 0.00007 0.00016 0.00001
0.00316 0.49713 0.19902 0.30059 0.00000 0.00010
0.00014 0.20205 0.00021 0.59752 0.00000 0.20007
0.10736 0.00000 0.00000 0.00000 0.50113 0.39151
0.00053 0.39451 0.00000 0.00000 0.30442 0.30054

observation: 6
0.69537 0.49750 0.30176 0.10009 0.00026 0.09774
0.00172 0.00124 0.39926 0.09925 0.10267 0.09727
0.30290 0.00029 0.20031 0.19608 0.09783 0.30213
0.00001 0.50098 0.09851 0.00000 0.00178 0.40379
0.00000 0.00000 0.00016 0.60458 0.00294 0.09907
0.00000 0.00000 0.00000 0.00000 0.79451 0.00000
