initial: 6
0.84342 0.00608 0.00805 0.14244 0.00000 0.00000

transition: 6
0.37981 0.44805 0.09077 0.06074 0.00400 0.01664
0.15506 0.51978 0.26545 0.04965 0.00154 0.00852
0.15909 0.15222 0.31706 0.33213 0.00587 0.03363
0.10397 0.09023 0.09157 0.54086 0.07125 0.10212
0.07097 0.02221 0.00524 0.00427 0.72896 0.16836
0.44583 0.11996 0.02334 0.00710 0.15718 0.24660

observation: 6
0.66311 0.32933 0.18318 0.06897 0.03497 0.10867
0.10440 0.26480 0.22760 0.04548 0.09854 0.05229
0.06611 0.08081 0.41325 0.81810 0.15646 0.13842
0.16580 0.32499 0.17592 0.06559 0.12742 0.53919
0.00058 0.00009 0.00005 0.00186 0.04832 0.10349
0.00000 0.00000 0.00000 0.00000 0.53429 0.05794
