initial: 6
0.61201 0.10886 0.12575 0.15338 0.00001 0.00000

transition: 6
0.47133 0.43120 0.06388 0.01423 0.00787 0.01150
0.19600 0.52494 0.23674 0.03077 0.00434 0.00720
0.17710 0.12201 0.21353 0.44978 0.01585 0.02174
0.20820 0.11132 0.05713 0.51632 0.06664 0.04040
0.04848 0.02453 0.00619 0.00568 0.58579 0.32932
0.29023 0.05643 0.00932 0.00262 0.20693 0.43448

observation: 6
0.45754 0.44371 0.23202 0.05688 0.02566 0.04682
0.07787 0.18799 0.32403 0.04229 0.09513 0.06975
0.17939 0.09626 0.24261 0.17375 0.20852 0.19087
0.28279 0.26990 0.06344 0.03703 0.14482 0.28034
0.00240 0.00214 0.13790 0.69005 0.04228 0.02469
0.00000 0.00000 0.00000 0.00000 0.48359 0.38753
