initial: 6
0.71960 0.00041 0.09191 0.18808 0.00000 0.00000

transition: 6
0.30863 0.00181 0.49236 0.00049 0.00000 0.19671
0.00077 0.20165 0.79573 0.00185 0.00000 0.00000
0.00054 0.50023 0.20059 0.29864 0.00000 0.00000
0.00005 0.20166 0.00001 0.59753 0.00000 0.20076
0.10492 0.00000 0.00000 0.00000 0.49952 0.39556
0.00008 0.39545 0.00000 0.00000 0.30106 0.30340

observation: 6
0.99551 0.49824 0.29761 0.09812 0.00067 0.09889
0.00235 0.00030 0.40059 0.09965 0.10425 0.09733
0.00214 0.00245 0.20059 0.80223 0.09105 0.30920
0.00000 0.49900 0.10113 0.00000 0.00569 0.39566
0.00000 0.00000 0.00008 0.00000 0.00259 0.09892
0.00000 0.00000 0.00000 0.00000 0.79575 0.00000
