initial: 6
0.00000 0.10496 0.09540 0.21021 0.00000 0.58944

transition: 6
0.20288 0.20749 0.58963 0.00000 0.00000 0.00000
0.02094 0.28717 0.50511 0.00139 0.00000 0.18538
0.49584 0.00661 0.19414 0.30341 0.00000 0.00000
0.20035 0.00041 0.00116 0.59868 0.00000 0.19941
0.00000 0.10263 0.00000 0.00000 0.50333 0.39404
0.39806 0.00005 0.00000 0.00000 0.30368 0.29821

observation: 6
0.49462 0.69657 0.30032 0.10046 0.00017 0.09928
0.00213 0.00322 0.40180 0.09897 0.10277 0.09594
0.00000 0.29808 0.19959 0.19639 0.09886 0.30137
0.50325 0.00213 0.09806 0.00000 0.00399 0.40225
0.00000 0.00000 0.00022 0.60418 0.00208 0.10117
0.00000 0.00000 0.00000 0.00000 0.79213 0.00000
