initial: 6
0.50794 0.49206 0.00000 0.00000 0.00000 0.00000

transition: 6
0.29115 0.50624 0.00742 0.19387 0.00000 0.00132
0.00203 0.50124 0.19866 0.00001 0.00000 0.29805
0.00218 0.00037 0.20525 0.78714 0.00003 0.00503
0.00014 0.00197 0.00469 0.27649 0.51588 0.20083
0.00000 0.00000 0.00000 0.00000 0.50083 0.49917
0.60105 0.00002 0.20581 0.19311 0.00000 0.00000

observation: 6
0.00005 0.29992 0.00253 0.10033 0.29856 0.09817
0.09976 0.39660 0.00000 0.10148 0.00000 0.10054
0.40462 0.19990 0.48876 0.29560 0.30241 0.00000
0.49557 0.10358 0.50572 0.40266 0.00000 0.00000
0.00000 0.00000 0.00299 0.09994 0.00000 0.80129
0.00000 0.00000 0.00000 0.00000 0.39902 0.00000
