initial: 6
0.48853 0.51147 0.00000 0.00000 0.00000 0.00000

transition: 6
0.24925 0.40180 0.02756 0.31543 0.00328 0.00268
0.01762 0.49771 0.20903 0.00229 0.00263 0.27072
0.03342 0.01010 0.18676 0.75971 0.00541 0.00460
0.00195 0.01803 0.01731 0.24297 0.52478 0.19496
0.00000 0.00002 0.00000 0.00000 0.50186 0.49812
0.81031 0.00051 0.01435 0.17468 0.00014 0.00000

observation: 6
0.00039 0.29810 0.01709 0.09858 0.29924 0.09542
0.07691 0.40357 0.00517 0.09684 0.00003 0.09754
0.42275 0.19618 0.44732 0.29594 0.30225 0.00000
0.49995 0.10214 0.45611 0.40804 0.00000 0.00000
0.00000 0.00001 0.07431 0.10060 0.00012 0.80704
0.00000 0.00000 0.00000 0.00000 0.39836 0.00000
