initial: 6
0.00004 0.15553 0.05738 0.20876 0.00000 0.57828

transition: 6
0.16739 0.44312 0.38917 0.00012 0.00003 0.00017
0.14771 0.39465 0.28059 0.09155 0.00000 0.08549
0.53629 0.02295 0.10131 0.33939 0.00003 0.00003
0.19735 0.01094 0.00443 0.59471 0.00004 0.19253
0.00052 0.11086 0.00000 0.00000 0.52052 0.36810
0.40207 0.00374 0.00000 0.00000 0.32347 0.27073

observation: 6
0.47213 0.61069 0.18959 0.10083 0.01007 0.09524
0.00760 0.07006 0.52209 0.09423 0.09844 0.09007
0.00041 0.22966 0.18669 0.19453 0.10798 0.31204
0.51982 0.08955 0.09835 0.00000 0.01386 0.39861
0.00005 0.00005 0.00328 0.61041 0.00284 0.10404
0.00000 0.00000 0.00000 0.00000 0.76681 0.00000
