initial: 6
0.49079 0.50921 0.00000 0.00000 0.00000 0.00000

transition: 6
0.27311 0.42071 0.01253 0.29112 0.00034 0.00219
0.00728 0.50523 0.20121 0.00030 0.00010 0.28588
0.00826 0.00226 0.21727 0.76841 0.00067 0.00313
0.00053 0.00739 0.00852 0.24582 0.53166 0.20607
0.00000 0.00000 0.00000 0.00000 0.50089 0.49911
0.74959 0.00021 0.06635 0.18385 0.00000 0.00000

observation: 6
0.00015 0.29726 0.00992 0.10184 0.29821 0.09718
0.08248 0.39937 0.00038 0.09926 0.00000 0.09938
0.41807 0.19822 0.47400 0.29588 0.30255 0.00000
0.49930 0.10516 0.48591 0.40355 0.00000 0.00000
0.00000 0.00000 0.02978 0.09947 0.00000 0.80345
0.00000 0.00000 0.00000 0.00000 0.39924 0.00000
