initial: 6
0.75836 0.00000 0.06128 0.18037 0.00000 0.00000

transition: 6
0.30075 0.09838 0.43559 0.00839 0.00000 0.15689
0.22418 0.28981 0.47108 0.01491 0.00000 0.00003
0.01485 0.57204 0.06487 0.34555 0.00013 0.00256
0.00707 0.20797 0.00146 0.58789 0.00006 0.19555
0.10726 0.00002 0.00000 0.00000 0.51778 0.37493
0.01605 0.39369 0.00000 0.00000 0.31784 0.27241

observation: 6
0.67502 0.46958 0.26818 0.09400 0.00656 0.09455
0.01816 0.04013 0.44716 0.09260 0.10633 0.08290
0.30052 0.00470 0.21343 0.19439 0.09922 0.30810
0.00604 0.48552 0.06667 0.00000 0.01127 0.41329
0.00025 0.00007 0.00456 0.61902 0.00382 0.10116
0.00000 0.00000 0.00000 0.00000 0.77280 0.00000
