initial: 6
0.71977 0.00008 0.09238 0.18777 0.00000 0.00000

transition: 6
0.30837 0.00358 0.49013 0.00100 0.00000 0.19692
0.00064 0.20455 0.79114 0.00366 0.00000 0.00000
0.00089 0.50244 0.19800 0.29867 0.00000 0.00000
0.00023 0.20166 0.00001 0.59702 0.00000 0.20109
0.10488 0.00000 0.00000 0.00000 0.50173 0.39339
0.00019 0.39676 0.00000 0.00000 0.30142 0.30163

observation: 6
0.99557 0.49760 0.29734 0.09784 0.00124 0.09873
0.00218 0.00087 0.40214 0.09949 0.10438 0.09700
0.00223 0.00328 0.20022 0.80267 0.09132 0.30964
0.00002 0.49824 0.10030 0.00000 0.00758 0.39561
0.00000 0.00000 0.00000 0.00000 0.00302 0.09902
0.00000 0.00000 0.00000 0.00000 0.79247 0.00000
