initial: 6
0.72089 0.00286 0.08919 0.18706 0.00000 0.00000

transition: 6
0.29552 0.01430 0.50107 0.00140 0.00000 0.18771
0.20128 0.20365 0.59480 0.00024 0.00003 0.00001
0.00372 0.49824 0.19645 0.30143 0.00000 0.00017
0.00034 0.20213 0.00016 0.59733 0.00000 0.20005
0.10738 0.00000 0.00000 0.00000 0.50187 0.39075
0.00092 0.39442 0.00000 0.00000 0.30495 0.29972

observation: 6
0.69477 0.49670 0.30093 0.09996 0.00062 0.09775
0.00225 0.00201 0.40044 0.09902 0.10259 0.09704
0.30288 0.00044 0.20030 0.19595 0.09785 0.30220
0.00009 0.50084 0.09809 0.00000 0.00253 0.40386
0.00000 0.00000 0.00024 0.60508 0.00290 0.09915
0.00000 0.00000 0.00000 0.00000 0.79352 0.00000
