initial: 6
0.72306 0.00265 0.08762 0.18667 0.00000 0.00000

transition: 6
0.29554 0.01870 0.49761 0.00213 0.00000 0.18602
0.20274 0.20587 0.59083 0.00054 0.00001 0.00001
0.00432 0.50004 0.19289 0.30252 0.00000 0.00024
0.00059 0.20241 0.00015 0.59702 0.00000 0.19984
0.10748 0.00000 0.00000 0.00000 0.50263 0.38989
0.00140 0.39449 0.00000 0.00000 0.30564 0.29847

observation: 6
0.69394 0.49570 0.29975 0.09976 0.00107 0.09740
0.00291 0.00308 0.40207 0.09868 0.10251 0.09674
0.30275 0.00063 0.20039 0.19581 0.09780 0.30257
0.00040 0.50058 0.09745 0.00000 0.00328 0.40396
0.00001 0.00000 0.00034 0.60575 0.00280 0.09933
0.00000 0.00000 0.00000 0.00000 0.79254 0.00000
