initial: 6
0.00000 0.11503 0.08791 0.20992 0.00000 0.58714

transition: 6
0.20219 0.23665 0.56115 0.00001 0.00000 0.00000
0.06471 0.29425 0.45986 0.01795 0.00000 0.16322
0.49953 0.01021 0.18017 0.31009 0.00000 0.00000
0.20055 0.00175 0.00154 0.59838 0.00000 0.19779
0.00000 0.10545 0.00000 0.00000 0.50643 0.38812
0.39922 0.00026 0.00000 0.00000 0.30739 0.29314

observation: 6
0.49161 0.68232 0.28723 0.10074 0.00231 0.09701
0.00356 0.01330 0.41671 0.09777 0.10136 0.09587
0.00002 0.29230 0.19588 0.19633 0.10078 0.30211
0.50480 0.01207 0.09966 0.00000 0.00579 0.40306
0.00000 0.00001 0.00051 0.60515 0.00201 0.10195
0.00000 0.00000 0.00000 0.00000 0.78775 0.00000
