initial: 6
0.71967 0.00015 0.09232 0.18787 0.00000 0.00000

transition: 6
0.30845 0.00294 0.49086 0.00084 0.00000 0.19691
0.00068 0.20338 0.79287 0.00306 0.00000 0.00000
0.00079 0.50162 0.19892 0.29867 0.00000 0.00000
0.00016 0.20159 0.00001 0.59720 0.00000 0.20104
0.10489 0.00000 0.00000 0.00000 0.50107 0.39405
0.00016 0.39634 0.00000 0.00000 0.30118 0.30232

observation: 6
0.99560 0.49781 0.29748 0.09799 0.00106 0.09880
0.00221 0.00067 0.40160 0.09954 0.10435 0.09711
0.00219 0.00301 0.20027 0.80246 0.09127 0.30948
0.00001 0.49851 0.10065 0.00000 0.00701 0.39559
0.00000 0.00000 0.00000 0.00000 0.00288 0.09901
0.00000 0.00000 0.00000 0.00000 0.79343 0.00000
