initial: 6
0.00000 0.10756 0.09359 0.21010 0.00000 0.58875

transition: 6
0.20301 0.21429 0.58270 0.00000 0.00000 0.00000
0.03393 0.28812 0.49370 0.00450 0.00000 0.17975
0.49646 0.00771 0.19046 0.30536 0.00000 0.00000
0.20037 0.00082 0.00129 0.59855 0.00000 0.19896
0.00000 0.10355 0.00000 0.00000 0.50430 0.39215
0.39845 0.00011 0.00000 0.00000 0.30477 0.29667

observation: 6
0.49374 0.69259 0.29741 0.10049 0.00070 0.09861
0.00262 0.00578 0.40529 0.09856 0.10235 0.09596
0.00001 0.29700 0.19873 0.19633 0.09942 0.30151
0.50363 0.00463 0.09825 0.00000 0.00467 0.40250
0.00000 0.00000 0.00031 0.60462 0.00207 0.10143
0.00000 0.00000 0.00000 0.00000 0.79078 0.00000
