initial: 6
0.75374 0.00000 0.06474 0.18152 0.00000 0.00000

transition: 6
0.30083 0.08370 0.44649 0.00822 0.00000 0.16075
0.22295 0.27060 0.49513 0.01130 0.00000 0.00002
0.01232 0.55721 0.09221 0.33640 0.00007 0.00180
0.00519 0.20823 0.00084 0.59010 0.00003 0.19560
0.10757 0.00001 0.00000 0.00000 0.51405 0.37837
0.01185 0.39424 0.00000 0.00000 0.31595 0.27795

observation: 6
0.67790 0.47477 0.27407 0.09564 0.00568 0.09463
0.01612 0.03208 0.43845 0.09341 0.10529 0.08586
0.30065 0.00383 0.20939 0.19480 0.09779 0.30819
0.00515 0.48928 0.07486 0.00000 0.00999 0.41037
0.00017 0.00004 0.00323 0.61615 0.00334 0.10094
0.00000 0.00000 0.00000 0.00000 0.77790 0.00000
