initial: 6
0.74298 0.00000 0.07565 0.18137 0.00000 0.00000

transition: 6
0.30668 0.06145 0.43189 0.00869 0.00000 0.19128
0.00242 0.32035 0.64727 0.02996 0.00000 0.00000
0.00835 0.55888 0.12156 0.31118 0.00000 0.00003
0.00810 0.20298 0.00008 0.58468 0.00006 0.20410
0.10651 0.00000 0.00000 0.00000 0.53334 0.36016
0.00474 0.41484 0.00001 0.00000 0.31494 0.26547

observation: 6
0.97928 0.48225 0.27240 0.08535 0.00896 0.09428
0.00714 0.01924 0.44952 0.09634 0.10635 0.08916
0.00739 0.01648 0.22100 0.81818 0.09589 0.31717
0.00619 0.48203 0.05709 0.00013 0.03179 0.39963
0.00000 0.00000 0.00000 0.00000 0.00939 0.09976
0.00000 0.00000 0.00000 0.00000 0.74763 0.00000
