initial: 6
0.72913 0.00000 0.08611 0.18476 0.00000 0.00000

transition: 6
0.30864 0.02978 0.46124 0.00431 0.00000 0.19602
0.00103 0.26285 0.71671 0.01941 0.00000 0.00000
0.00354 0.53268 0.15954 0.30423 0.00000 0.00001
0.00326 0.20390 0.00003 0.59091 0.00002 0.20188
0.10547 0.00000 0.00000 0.00000 0.51673 0.37780
0.00165 0.40580 0.00000 0.00000 0.30813 0.28442

observation: 6
0.98954 0.49141 0.28568 0.09194 0.00533 0.09635
0.00360 0.00911 0.42580 0.09813 0.10513 0.09348
0.00423 0.01006 0.20825 0.80989 0.09232 0.31389
0.00264 0.48942 0.08028 0.00004 0.02011 0.39670
0.00000 0.00000 0.00000 0.00000 0.00599 0.09958
0.00000 0.00000 0.00000 0.00000 0.77112 0.00000
