initial: 6
0.50099 0.49901 0.00000 0.00000 0.00000 0.00000

transition: 6
0.28451 0.46388 0.00862 0.24066 0.00006 0.00227
0.00474 0.50299 0.19873 0.00009 0.00001 0.29345
0.00427 0.00091 0.21307 0.77832 0.00019 0.00324
0.00029 0.00442 0.00620 0.25637 0.52744 0.20529
0.00000 0.00000 0.00000 0.00000 0.50092 0.49908
0.66539 0.00011 0.14707 0.18743 0.00000 0.00000

observation: 6
0.00008 0.29886 0.00641 0.10098 0.29825 0.09758
0.09187 0.39773 0.00004 0.10021 0.00000 0.09989
0.41035 0.19907 0.48460 0.29561 0.30264 0.00000
0.49770 0.10433 0.49776 0.40349 0.00000 0.00000
0.00000 0.00000 0.01119 0.09972 0.00000 0.80252
0.00000 0.00000 0.00000 0.00000 0.39911 0.00000
