initial: 6
0.50792 0.49208 0.00000 0.00000 0.00000 0.00000

transition: 6
0.29132 0.50694 0.00735 0.19326 0.00000 0.00114
0.00177 0.50137 0.19867 0.00001 0.00000 0.29818
0.00211 0.00033 0.20449 0.78776 0.00002 0.00529
0.00013 0.00180 0.00460 0.27787 0.51504 0.20055
0.00000 0.00000 0.00000 0.00000 0.50082 0.49918
0.60009 0.00002 0.20633 0.19356 0.00000 0.00000

observation: 6
0.00006 0.29991 0.00230 0.10028 0.29860 0.09822
0.09983 0.39660 0.00000 0.10148 0.00000 0.10056
0.40455 0.19991 0.48911 0.29566 0.30239 0.00000
0.49555 0.10358 0.50595 0.40264 0.00000 0.00000
0.00000 0.00000 0.00264 0.09994 0.00000 0.80122
0.00000 0.00000 0.00000 0.00000 0.39901 0.00000
