initial: 6
0.72149 0.00284 0.08872 0.18695 0.00000 0.00000

transition: 6
0.29550 0.01557 0.50007 0.00161 0.00000 0.18724
0.20170 0.20426 0.59370 0.00032 0.00002 0.00001
0.00390 0.49872 0.19546 0.30173 0.00000 0.00019
0.00041 0.20220 0.00015 0.59724 0.00000 0.20000
0.10740 0.00000 0.00000 0.00000 0.50211 0.39049
0.00106 0.39443 0.00000 0.00000 0.30515 0.29936

observation: 6
0.69454 0.49642 0.30060 0.09990 0.00075 0.09766
0.00244 0.00231 0.40089 0.09892 0.10256 0.09696
0.30286 0.00050 0.20032 0.19590 0.09784 0.30229
0.00016 0.50078 0.09792 0.00000 0.00277 0.40389
0.00001 0.00000 0.00027 0.60527 0.00287 0.09920
0.00000 0.00000 0.00000 0.00000 0.79322 0.00000
