initial: 6
0.50006 0.49994 0.00000 0.00000 0.00000 0.00000

transition: 6
0.28367 0.45964 0.00882 0.24553 0.00007 0.00227
0.00491 0.50327 0.19880 0.00010 0.00001 0.29291
0.00449 0.00097 0.21346 0.77767 0.00021 0.00319
0.00030 0.00462 0.00633 0.25519 0.52806 0.20550
0.00000 0.00000 0.00000 0.00000 0.50092 0.49908
0.67272 0.00012 0.14008 0.18709 0.00000 0.00000

observation: 6
0.00009 0.29870 0.00673 0.10104 0.29824 0.09754
0.09099 0.39784 0.00005 0.10010 0.00000 0.09984
0.41103 0.19900 0.48410 0.29565 0.30264 0.00000
0.49790 0.10445 0.49690 0.40353 0.00000 0.00000
0.00000 0.00000 0.01223 0.09968 0.00000 0.80261
0.00000 0.00000 0.00000 0.00000 0.39913 0.00000
