initial: 6
0.50377 0.49623 0.00000 0.00000 0.00000 0.00000

transition: 6
0.28695 0.47756 0.00809 0.22515 0.00003 0.00222
0.00418 0.50212 0.19863 0.00006 0.00000 0.29501
0.00363 0.00073 0.21178 0.78028 0.00014 0.00344
0.00024 0.00379 0.00581 0.26059 0.52513 0.20443
0.00000 0.00000 0.00000 0.00000 0.50093 0.49907
0.64292 0.00009 0.16839 0.18861 0.00000 0.00000

observation: 6
0.00007 0.29934 0.00539 0.10081 0.29828 0.09772
0.09463 0.39738 0.00002 0.10061 0.00000 0.10007
0.40828 0.19930 0.48585 0.29548 0.30264 0.00000
0.49702 0.10398 0.50039 0.40330 0.00000 0.00000
0.00000 0.00000 0.00835 0.09981 0.00000 0.80221
0.00000 0.00000 0.00000 0.00000 0.39908 0.00000
