initial: 6
0.49582 0.50418 0.00000 0.00000 0.00000 0.00000

transition: 6
0.22954 0.41053 0.03659 0.31218 0.00721 0.00395
0.02798 0.48101 0.21728 0.00686 0.01132 0.25555
0.06654 0.02066 0.15022 0.74046 0.01601 0.00611
0.00410 0.03057 0.02354 0.25770 0.51054 0.17355
0.00000 0.00026 0.00000 0.00000 0.50412 0.49562
0.82664 0.00085 0.00952 0.16172 0.00127 0.00000

observation: 6
0.00111 0.30038 0.03261 0.08356 0.30313 0.09348
0.07627 0.40678 0.01849 0.08945 0.00023 0.09582
0.42385 0.19326 0.41635 0.30045 0.30177 0.00000
0.49877 0.09942 0.40769 0.42530 0.00000 0.00000
0.00000 0.00016 0.12487 0.10123 0.00078 0.81070
0.00000 0.00000 0.00000 0.00000 0.39409 0.00000
