initial: 6
0.74111 0.00001 0.07530 0.18358 0.00000 0.00000

transition: 6
0.29841 0.05337 0.46955 0.00671 0.00000 0.17196
0.21458 0.23460 0.54572 0.00509 0.00000 0.00001
0.00814 0.52471 0.14962 0.31671 0.00001 0.00081
0.00258 0.20594 0.00031 0.59381 0.00000 0.19735
0.10793 0.00000 0.00000 0.00000 0.50765 0.38442
0.00571 0.39455 0.00000 0.00000 0.31118 0.28856

observation: 6
0.68561 0.48624 0.28700 0.09785 0.00380 0.09520
0.00973 0.01546 0.41979 0.09575 0.10316 0.09233
0.30129 0.00219 0.20360 0.19522 0.09684 0.30626
0.00330 0.49610 0.08816 0.00000 0.00716 0.40595
0.00007 0.00001 0.00145 0.61119 0.00270 0.10026
0.00000 0.00000 0.00000 0.00000 0.78634 0.00000
