initial: 6
0.72986 0.00000 0.08559 0.18455 0.00000 0.00000

transition: 6
0.30865 0.03158 0.45936 0.00452 0.00000 0.19590
0.00108 0.26667 0.71204 0.02021 0.00000 0.00000
0.00374 0.53444 0.15718 0.30463 0.00000 0.00001
0.00349 0.20396 0.00003 0.59053 0.00002 0.20197
0.10552 0.00000 0.00000 0.00000 0.51764 0.37684
0.00177 0.40631 0.00000 0.00000 0.30853 0.28338

observation: 6
0.98903 0.49098 0.28484 0.09155 0.00555 0.09622
0.00375 0.00966 0.42734 0.09804 0.10519 0.09326
0.00438 0.01045 0.20898 0.81037 0.09246 0.31410
0.00284 0.48891 0.07885 0.00004 0.02080 0.39681
0.00000 0.00000 0.00000 0.00000 0.00617 0.09960
0.00000 0.00000 0.00000 0.00000 0.76983 0.00000
