initial: 6
0.71960 0.00051 0.09172 0.18817 0.00000 0.00000

transition: 6
0.30874 0.00139 0.49287 0.00032 0.00000 0.19668
0.00081 0.20101 0.79685 0.00132 0.00000 0.00000
0.00041 0.49970 0.20116 0.29873 0.00000 0.00000
0.00002 0.20164 0.00001 0.59767 0.00000 0.20066
0.10494 0.00000 0.00000 0.00000 0.49878 0.39629
0.00005 0.39500 0.00000 0.00000 0.30087 0.30408

observation: 6
0.99545 0.49843 0.29765 0.09824 0.00048 0.09893
0.00243 0.00017 0.40022 0.09970 0.10422 0.09740
0.00212 0.00219 0.20075 0.80206 0.09095 0.30906
0.00000 0.49919 0.10131 0.00000 0.00502 0.39571
0.00000 0.00002 0.00007 0.00000 0.00244 0.09890
0.00000 0.00000 0.00000 0.00000 0.79689 0.00000
