initial: 6
0.71960 0.00043 0.09187 0.18810 0.00000 0.00000

transition: 6
0.30865 0.00175 0.49244 0.00046 0.00000 0.19671
0.00078 0.20155 0.79591 0.00176 0.00000 0.00000
0.00052 0.50014 0.20068 0.29865 0.00000 0.00000
0.00004 0.20165 0.00001 0.59755 0.00000 0.20075
0.10492 0.00000 0.00000 0.00000 0.49940 0.39567
0.00008 0.39538 0.00000 0.00000 0.30103 0.30351

observation: 6
0.99550 0.49828 0.29762 0.09814 0.00064 0.09889
0.00236 0.00028 0.40053 0.09966 0.10425 0.09735
0.00214 0.00241 0.20061 0.80220 0.09103 0.30918
0.00000 0.49904 0.10116 0.00000 0.00559 0.39566
0.00000 0.00000 0.00008 0.00000 0.00257 0.09892
0.00000 0.00000 0.00000 0.00000 0.79592 0.00000
