initial: 6
0.73920 0.00000 0.07861 0.18219 0.00000 0.00000

transition: 6
0.30771 0.05316 0.43858 0.00736 0.00000 0.19319
0.00193 0.30744 0.66277 0.02786 0.00000 0.00000
0.00676 0.55293 0.13093 0.30936 0.00000 0.00002
0.00663 0.20361 0.00007 0.58621 0.00005 0.20343
0.10622 0.00000 0.00000 0.00000 0.52885 0.36493
0.00371 0.41250 0.00001 0.00000 0.31324 0.27055

observation: 6
0.98217 0.48501 0.27547 0.08702 0.00803 0.09481
0.00605 0.01651 0.44413 0.09679 0.10598 0.09038
0.00647 0.01486 0.21780 0.81608 0.09478 0.31636
0.00531 0.48363 0.06261 0.00010 0.02882 0.39868
0.00000 0.00000 0.00000 0.00000 0.00846 0.09977
0.00000 0.00000 0.00000 0.00000 0.75392 0.00000
