initial: 6
0.49432 0.50568 0.00000 0.00000 0.00000 0.00000

transition: 6
0.27787 0.43522 0.01053 0.27397 0.00017 0.00223
0.00609 0.50474 0.19981 0.00018 0.00004 0.28913
0.00624 0.00154 0.21592 0.77284 0.00039 0.00306
0.00041 0.00604 0.00736 0.24916 0.53078 0.20625
0.00000 0.00000 0.00000 0.00000 0.50088 0.49912
0.71864 0.00017 0.09604 0.18515 0.00000 0.00000

observation: 6
0.00012 0.29774 0.00866 0.10151 0.29820 0.09732
0.08574 0.39863 0.00016 0.09953 0.00000 0.09956
0.41529 0.19858 0.47931 0.29588 0.30258 0.00000
0.49885 0.10505 0.49098 0.40359 0.00000 0.00000
0.00000 0.00000 0.02089 0.09948 0.00000 0.80312
0.00000 0.00000 0.00000 0.00000 0.39922 0.00000
