initial: 6
0.00001 0.15043 0.06057 0.20909 0.00000 0.57991

transition: 6
0.17586 0.40719 0.41680 0.00008 0.00001 0.00006
0.14721 0.37232 0.29918 0.08725 0.00000 0.09404
0.52881 0.02057 0.11792 0.33269 0.00001 0.00001
0.19853 0.00865 0.00341 0.59599 0.00001 0.19340
0.00022 0.11034 0.00000 0.00000 0.51765 0.37179
0.40206 0.00247 0.00000 0.00000 0.32022 0.27525

observation: 6
0.47718 0.62429 0.20388 0.10136 0.00900 0.09488
0.00682 0.05896 0.50621 0.09499 0.09862 0.09183
0.00022 0.24203 0.18467 0.19533 0.10700 0.30960
0.51576 0.07469 0.10294 0.00000 0.01193 0.39997
0.00003 0.00004 0.00230 0.60832 0.00250 0.10372
0.00000 0.00000 0.00000 0.00000 0.77094 0.00000
