initial: 6
0.00000 0.10834 0.09303 0.21007 0.00000 0.58855

transition: 6
0.20299 0.21642 0.58058 0.00001 0.00000 0.00000
0.03748 0.28856 0.49027 0.00564 0.00000 0.17804
0.49671 0.00800 0.18939 0.30590 0.00000 0.00000
0.20039 0.00093 0.00133 0.59853 0.00000 0.19883
0.00000 0.10379 0.00000 0.00000 0.50455 0.39166
0.39855 0.00012 0.00000 0.00000 0.30508 0.29625

observation: 6
0.49350 0.69146 0.29648 0.10051 0.00088 0.09841
0.00274 0.00655 0.40637 0.09846 0.10223 0.09596
0.00001 0.29661 0.19846 0.19633 0.09957 0.30156
0.50375 0.00538 0.09834 0.00000 0.00482 0.40257
0.00000 0.00000 0.00034 0.60471 0.00207 0.10149
0.00000 0.00000 0.00000 0.00000 0.79042 0.00000
