initial: 6
0.71972 0.00011 0.09236 0.18782 0.00000 0.00000

transition: 6
0.30841 0.00326 0.49049 0.00092 0.00000 0.19692
0.00066 0.20397 0.79200 0.00337 0.00000 0.00000
0.00084 0.50204 0.19845 0.29867 0.00000 0.00000
0.00019 0.20162 0.00001 0.59711 0.00000 0.20107
0.10488 0.00000 0.00000 0.00000 0.50141 0.39370
0.00018 0.39656 0.00000 0.00000 0.30130 0.30196

observation: 6
0.99559 0.49771 0.29741 0.09791 0.00116 0.09876
0.00219 0.00077 0.40187 0.09952 0.10436 0.09706
0.00221 0.00315 0.20024 0.80257 0.09129 0.30957
0.00001 0.49837 0.10048 0.00000 0.00730 0.39560
0.00000 0.00000 0.00000 0.00000 0.00295 0.09902
0.00000 0.00000 0.00000 0.00000 0.79293 0.00000
