initial: 6
0.00000 0.10554 0.09500 0.21018 0.00000 0.58928

transition: 6
0.20294 0.20897 0.58809 0.00000 0.00000 0.00000
0.02404 0.28730 0.50255 0.00198 0.00000 0.18413
0.49594 0.00688 0.19330 0.30387 0.00000 0.00000
0.20035 0.00051 0.00120 0.59864 0.00000 0.19931
0.00000 0.10285 0.00000 0.00000 0.50357 0.39358
0.39816 0.00006 0.00000 0.00000 0.30394 0.29784

observation: 6
0.49441 0.69565 0.29970 0.10046 0.00028 0.09913
0.00225 0.00379 0.40257 0.09887 0.10267 0.09594
0.00000 0.29787 0.19940 0.19637 0.09899 0.30140
0.50334 0.00269 0.09808 0.00000 0.00418 0.40230
0.00000 0.00000 0.00025 0.60430 0.00208 0.10123
0.00000 0.00000 0.00000 0.00000 0.79180 0.00000
