initial: 6
0.77480 0.00000 0.07803 0.14716 0.00000 0.00000

transition: 6
0.32702 0.25245 0.30781 0.00495 0.00244 0.10533
0.22288 0.45176 0.29744 0.02759 0.00003 0.00031
0.05620 0.50521 0.00332 0.38958 0.00222 0.04347
0.05069 0.15237 0.07380 0.49886 0.00214 0.22213
0.10309 0.00242 0.00000 0.00000 0.57321 0.32127
0.14702 0.30548 0.00006 0.00000 0.32147 0.22598

observation: 6
0.69861 0.38979 0.21882 0.06862 0.02019 0.07972
0.01834 0.12117 0.49063 0.01429 0.10788 0.07221
0.25864 0.03181 0.25471 0.16274 0.13921 0.27171
0.02158 0.45521 0.00508 0.00015 0.01897 0.47882
0.00284 0.00201 0.03076 0.75420 0.01563 0.09627
0.00000 0.00000 0.00000 0.00000 0.69812 0.00127
