initial: 6
0.77218 0.00000 0.05857 0.16925 0.00000 0.00000

transition: 6
0.30201 0.17604 0.37815 0.00748 0.00031 0.13601
0.22569 0.36680 0.37723 0.03017 0.00001 0.00010
0.03118 0.59136 0.00763 0.35604 0.00087 0.01292
0.02453 0.18462 0.02130 0.56490 0.00058 0.20407
0.10499 0.00046 0.00000 0.00000 0.54187 0.35268
0.05893 0.37144 0.00001 0.00000 0.32543 0.24419

observation: 6
0.68360 0.43795 0.24120 0.08085 0.01265 0.09137
0.01779 0.06662 0.48938 0.07622 0.10903 0.07389
0.28601 0.01177 0.23746 0.18646 0.11535 0.29670
0.01122 0.48286 0.01269 0.00000 0.01608 0.43639
0.00139 0.00080 0.01928 0.65646 0.00781 0.10155
0.00000 0.00000 0.00000 0.00000 0.73908 0.00010
