initial: 6
0.50329 0.49671 0.00000 0.00000 0.00000 0.00000

transition: 6
0.28654 0.47505 0.00818 0.22797 0.00003 0.00223
0.00428 0.50227 0.19863 0.00007 0.00000 0.29474
0.00374 0.00076 0.21203 0.77992 0.00015 0.00340
0.00025 0.00390 0.00588 0.25976 0.52560 0.20461
0.00000 0.00000 0.00000 0.00000 0.50093 0.49907
0.64690 0.00009 0.16463 0.18838 0.00000 0.00000

observation: 6
0.00007 0.29926 0.00557 0.10084 0.29827 0.09769
0.09413 0.39744 0.00003 0.10053 0.00000 0.10004
0.40864 0.19926 0.48566 0.29550 0.30264 0.00000
0.49715 0.10404 0.49992 0.40334 0.00000 0.00000
0.00000 0.00000 0.00882 0.09979 0.00000 0.80227
0.00000 0.00000 0.00000 0.00000 0.39909 0.00000
