initial: 6
0.00000 0.13821 0.06938 0.20937 0.00000 0.58303

transition: 6
0.19089 0.33408 0.47498 0.00004 0.00000 0.00001
0.13185 0.33288 0.35131 0.06812 0.00000 0.11585
0.51546 0.01690 0.14467 0.32297 0.00000 0.00000
0.20012 0.00510 0.00233 0.59752 0.00000 0.19493
0.00003 0.10883 0.00000 0.00000 0.51273 0.37841
0.40119 0.00107 0.00000 0.00000 0.31473 0.28301

observation: 6
0.48449 0.64924 0.23854 0.10153 0.00671 0.09476
0.00548 0.03966 0.46859 0.09614 0.09929 0.09426
0.00008 0.26578 0.18629 0.19616 0.10470 0.30578
0.50994 0.04530 0.10532 0.00000 0.00895 0.40216
0.00001 0.00002 0.00127 0.60617 0.00210 0.10304
0.00000 0.00000 0.00000 0.00000 0.77826 0.00000
