initial: 6
0.72106 0.00285 0.08905 0.18703 0.00000 0.00000

transition: 6
0.29551 0.01465 0.50079 0.00146 0.00000 0.18758
0.20140 0.20382 0.59449 0.00026 0.00003 0.00001
0.00377 0.49837 0.19617 0.30151 0.00000 0.00017
0.00036 0.20215 0.00015 0.59730 0.00000 0.20003
0.10738 0.00000 0.00000 0.00000 0.50194 0.39068
0.00096 0.39442 0.00000 0.00000 0.30500 0.29962

observation: 6
0.69470 0.49662 0.30084 0.09994 0.00065 0.09773
0.00231 0.00210 0.40056 0.09899 0.10258 0.09702
0.30288 0.00046 0.20030 0.19594 0.09785 0.30222
0.00011 0.50083 0.09804 0.00000 0.00260 0.40387
0.00001 0.00000 0.00025 0.60513 0.00289 0.09916
0.00000 0.00000 0.00000 0.00000 0.79343 0.00000
