initial: 6
0.71858 0.00260 0.09135 0.18746 0.00000 0.00000

transition: 6
0.29577 0.00918 0.50533 0.00056 0.00000 0.18916
0.19935 0.20169 0.59863 0.00002 0.00031 0.00001
0.00284 0.49668 0.20028 0.30015 0.00000 0.00005
0.00006 0.20208 0.00032 0.59756 0.00000 0.19998
0.10739 0.00000 0.00000 0.00000 0.50067 0.39195
0.00033 0.39463 0.00000 0.00000 0.30419 0.30084

observation: 6
0.69569 0.49790 0.30213 0.10014 0.00012 0.09750
0.00141 0.00087 0.39871 0.09932 0.10273 0.09739
0.30290 0.00021 0.20037 0.19616 0.09777 0.30224
0.00000 0.50102 0.09867 0.00000 0.00131 0.40377
0.00000 0.00000 0.00012 0.60438 0.00292 0.09910
0.00000 0.00000 0.00000 0.00000 0.79514 0.00000
