initial: 6
0.72115 0.00285 0.08898 0.18702 0.00000 0.00000

transition: 6
0.29551 0.01484 0.50064 0.00149 0.00000 0.18751
0.20146 0.20390 0.59433 0.00027 0.00002 0.00001
0.00380 0.49844 0.19603 0.30156 0.00000 0.00018
0.00037 0.20216 0.00015 0.59729 0.00000 0.20003
0.10739 0.00000 0.00000 0.00000 0.50197 0.39064
0.00098 0.39442 0.00000 0.00000 0.30503 0.29957

observation: 6
0.69467 0.49658 0.30079 0.09993 0.00067 0.09772
0.00233 0.00214 0.40063 0.09898 0.10258 0.09701
0.30287 0.00046 0.20031 0.19593 0.09784 0.30224
0.00012 0.50082 0.09802 0.00000 0.00263 0.40387
0.00001 0.00000 0.00025 0.60516 0.00288 0.09917
0.00000 0.00000 0.00000 0.00000 0.79339 0.00000
