initial: 6
0.00000 0.10980 0.09196 0.21004 0.00000 0.58821

transition: 6
0.20292 0.22054 0.57654 0.00001 0.00000 0.00000
0.04388 0.28954 0.48376 0.00799 0.00000 0.17482
0.49723 0.00852 0.18737 0.30688 0.00000 0.00000
0.20042 0.00112 0.00138 0.59849 0.00000 0.19859
0.00000 0.10421 0.00000 0.00000 0.50500 0.39079
0.39872 0.00015 0.00000 0.00000 0.30562 0.29551

observation: 6
0.49307 0.68939 0.29465 0.10055 0.00120 0.09806
0.00295 0.00800 0.40847 0.09828 0.10203 0.09595
0.00001 0.29581 0.19793 0.19632 0.09985 0.30167
0.50397 0.00680 0.09857 0.00000 0.00507 0.40271
0.00000 0.00000 0.00038 0.60485 0.00206 0.10161
0.00000 0.00000 0.00000 0.00000 0.78979 0.00000
