initial: 6
0.72041 0.00001 0.09215 0.18743 0.00000 0.00000

transition: 6
0.30823 0.00616 0.48718 0.00152 0.00000 0.19691
0.00059 0.20980 0.78378 0.00583 0.00000 0.00000
0.00122 0.50579 0.19407 0.29892 0.00000 0.00000
0.00052 0.20195 0.00001 0.59633 0.00000 0.20119
0.10490 0.00000 0.00000 0.00000 0.50390 0.39120
0.00033 0.39813 0.00000 0.00000 0.30228 0.29926

observation: 6
0.99527 0.49685 0.29653 0.09720 0.00186 0.09843
0.00219 0.00171 0.40442 0.09932 0.10447 0.09658
0.00240 0.00422 0.20039 0.80347 0.09142 0.31024
0.00014 0.49722 0.09866 0.00001 0.00946 0.39569
0.00000 0.00000 0.00000 0.00000 0.00345 0.09907
0.00000 0.00000 0.00000 0.00000 0.78934 0.00000
