initial: 6
0.72087 0.00001 0.09187 0.18725 0.00000 0.00000

transition: 6
0.30821 0.00771 0.48543 0.00177 0.00000 0.19689
0.00060 0.21317 0.77924 0.00700 0.00000 0.00000
0.00138 0.50778 0.19166 0.29917 0.00000 0.00000
0.00070 0.20213 0.00001 0.59594 0.00000 0.20122
0.10492 0.00000 0.00000 0.00000 0.50498 0.39010
0.00041 0.39880 0.00000 0.00000 0.30274 0.29805

observation: 6
0.99500 0.49645 0.29593 0.09683 0.00217 0.09826
0.00223 0.00221 0.40583 0.09923 0.10452 0.09634
0.00251 0.00471 0.20066 0.80393 0.09145 0.31056
0.00026 0.49663 0.09758 0.00001 0.01039 0.39574
0.00000 0.00000 0.00000 0.00000 0.00366 0.09910
0.00000 0.00000 0.00000 0.00000 0.78780 0.00000
