initial: 6
0.00000 0.11882 0.08487 0.20984 0.00000 0.58647

transition: 6
0.20129 0.24957 0.54912 0.00002 0.00000 0.00000
0.07830 0.29854 0.44216 0.02604 0.00000 0.15495
0.50152 0.01135 0.17490 0.31223 0.00000 0.00000
0.20061 0.00218 0.00164 0.59831 0.00000 0.19726
0.00000 0.10617 0.00000 0.00000 0.50738 0.38645
0.39954 0.00034 0.00000 0.00000 0.30857 0.29156

observation: 6
0.49060 0.67737 0.28105 0.10090 0.00307 0.09641
0.00392 0.01722 0.42340 0.09747 0.10093 0.09576
0.00002 0.28922 0.19429 0.19634 0.10141 0.30251
0.50545 0.01618 0.10065 0.00000 0.00624 0.40318
0.00000 0.00001 0.00060 0.60529 0.00199 0.10214
0.00000 0.00000 0.00000 0.00000 0.78635 0.00000
