initial: 6
0.50782 0.49218 0.00000 0.00000 0.00000 0.00000

transition: 6
0.29080 0.50418 0.00748 0.19593 0.00000 0.00160
0.00246 0.50110 0.19865 0.00002 0.00000 0.29777
0.00236 0.00042 0.20664 0.78590 0.00005 0.00462
0.00015 0.00227 0.00487 0.27387 0.51744 0.20139
0.00000 0.00000 0.00000 0.00000 0.50086 0.49914
0.60385 0.00003 0.20380 0.19232 0.00000 0.00000

observation: 6
0.00005 0.29993 0.00296 0.10042 0.29850 0.09809
0.09947 0.39665 0.00001 0.10143 0.00000 0.10049
0.40483 0.19985 0.48818 0.29550 0.30247 0.00000
0.49564 0.10358 0.50522 0.40271 0.00000 0.00000
0.00000 0.00000 0.00364 0.09993 0.00000 0.80142
0.00000 0.00000 0.00000 0.00000 0.39904 0.00000
