initial: 6
0.71961 0.00023 0.09219 0.18797 0.00000 0.00000

transition: 6
0.30852 0.00246 0.49143 0.00070 0.00000 0.19690
0.00073 0.20253 0.79416 0.00258 0.00000 0.00000
0.00071 0.50100 0.19961 0.29868 0.00000 0.00000
0.00011 0.20155 0.00001 0.59734 0.00000 0.20099
0.10489 0.00000 0.00000 0.00000 0.50050 0.39461
0.00013 0.39599 0.00000 0.00000 0.30099 0.30289

observation: 6
0.99559 0.49798 0.29756 0.09810 0.00091 0.09885
0.00224 0.00051 0.40119 0.09958 0.10433 0.09720
0.00217 0.00279 0.20034 0.80231 0.09121 0.30935
0.00000 0.49871 0.10090 0.00000 0.00651 0.39559
0.00000 0.00000 0.00000 0.00000 0.00277 0.09901
0.00000 0.00000 0.00000 0.00000 0.79428 0.00000
