initial: 6
0.00000 0.10642 0.09440 0.21014 0.00000 0.58904

transition: 6
0.20299 0.21125 0.58576 0.00000 0.00000 0.00000
0.02848 0.28759 0.49870 0.00299 0.00000 0.18223
0.49614 0.00726 0.19206 0.30454 0.00000 0.00000
0.20035 0.00065 0.00124 0.59860 0.00000 0.19916
0.00000 0.10317 0.00000 0.00000 0.50390 0.39293
0.39830 0.00008 0.00000 0.00000 0.30431 0.29731

observation: 6
0.49411 0.69429 0.29873 0.10047 0.00046 0.09890
0.00242 0.00465 0.40374 0.09873 0.10253 0.09595
0.00001 0.29752 0.19912 0.19635 0.09919 0.30145
0.50347 0.00353 0.09814 0.00000 0.00442 0.40238
0.00000 0.00000 0.00028 0.60446 0.00208 0.10132
0.00000 0.00000 0.00000 0.00000 0.79134 0.00000
