initial: 6
0.50784 0.49216 0.00000 0.00000 0.00000 0.00000

transition: 6
0.29083 0.50437 0.00748 0.19574 0.00000 0.00158
0.00243 0.50111 0.19865 0.00002 0.00000 0.29779
0.00235 0.00042 0.20655 0.78599 0.00005 0.00465
0.00015 0.00225 0.00486 0.27406 0.51733 0.20135
0.00000 0.00000 0.00000 0.00000 0.50086 0.49914
0.60361 0.00003 0.20399 0.19237 0.00000 0.00000

observation: 6
0.00005 0.29993 0.00293 0.10041 0.29850 0.09810
0.09950 0.39664 0.00001 0.10144 0.00000 0.10049
0.40481 0.19985 0.48821 0.29551 0.30246 0.00000
0.49564 0.10358 0.50525 0.40271 0.00000 0.00000
0.00000 0.00000 0.00359 0.09993 0.00000 0.80141
0.00000 0.00000 0.00000 0.00000 0.39904 0.00000
