initial: 6
0.81679 0.00000 0.03305 0.15016 0.00000 0.00000

transition: 6
0.24399 0.28232 0.35051 0.06056 0.00204 0.06058
0.10246 0.49604 0.37183 0.02963 0.00000 0.00004
0.16777 0.46782 0.01012 0.33170 0.00021 0.02238
0.07912 0.06178 0.01148 0.55786 0.01733 0.27243
0.10820 0.00073 0.00000 0.00001 0.66644 0.22463
0.13001 0.44626 0.01855 0.00001 0.29220 0.11297

observation: 6
0.91740 0.33385 0.15635 0.05656 0.03148 0.08560
0.02471 0.10952 0.53425 0.05689 0.12005 0.04043
0.04185 0.08486 0.28972 0.87993 0.14530 0.27866
0.01603 0.47178 0.01968 0.00662 0.08240 0.50780
0.00000 0.00000 0.00000 0.00000 0.03457 0.08750
0.00000 0.00000 0.00000 0.00000 0.58620 0.00001
