initial: 6
0.77285 0.00000 0.06206 0.16509 0.00000 0.00000

transition: 6
0.30522 0.18999 0.36750 0.00704 0.00054 0.12971
0.22795 0.37570 0.36621 0.03000 0.00001 0.00013
0.03435 0.58555 0.00575 0.35640 0.00109 0.01685
0.02864 0.17763 0.03132 0.55498 0.00078 0.20666
0.10445 0.00068 0.00000 0.00000 0.54702 0.34785
0.07196 0.36130 0.00001 0.00000 0.32674 0.23999

observation: 6
0.68840 0.42972 0.23522 0.07842 0.01413 0.08959
0.01733 0.07290 0.49328 0.06616 0.10846 0.07391
0.28070 0.01424 0.24062 0.18322 0.11977 0.29265
0.01185 0.48208 0.00879 0.00001 0.01673 0.44237
0.00170 0.00106 0.02209 0.67219 0.00895 0.10129
0.00000 0.00000 0.00000 0.00000 0.73197 0.00019
