initial: 6
0.48750 0.51250 0.00000 0.00000 0.00000 0.00000

transition: 6
0.25925 0.40305 0.02120 0.31253 0.00165 0.00233
0.01258 0.50250 0.20566 0.00113 0.00091 0.27722
0.01976 0.00598 0.20786 0.75982 0.00266 0.00391
0.00118 0.01284 0.01354 0.24077 0.52988 0.20179
0.00000 0.00000 0.00000 0.00000 0.50126 0.49873
0.79697 0.00036 0.02305 0.17960 0.00002 0.00000

observation: 6
0.00024 0.29739 0.01318 0.10129 0.29850 0.09644
0.07797 0.40188 0.00232 0.09841 0.00000 0.09854
0.42192 0.19697 0.45868 0.29543 0.30250 0.00000
0.49988 0.10375 0.47047 0.40472 0.00000 0.00000
0.00000 0.00000 0.05536 0.10014 0.00002 0.80502
0.00000 0.00000 0.00000 0.00000 0.39897 0.00000
