initial: 6
0.00184 0.16358 0.05754 0.20435 0.00000 0.57268

transition: 6
0.15771 0.52092 0.31798 0.00035 0.00072 0.00233
0.14080 0.44555 0.25682 0.09043 0.00000 0.06640
0.55670 0.03494 0.04371 0.36269 0.00081 0.00115
0.19239 0.01928 0.01308 0.58535 0.00052 0.18939
0.00460 0.10895 0.00000 0.00000 0.53111 0.35535
0.39997 0.01124 0.00000 0.00000 0.33643 0.25235

observation: 6
0.45689 0.57413 0.16700 0.09620 0.01356 0.09524
0.00883 0.10110 0.54706 0.08909 0.09919 0.08293
0.00332 0.19787 0.20826 0.19040 0.11014 0.32245
0.53072 0.12678 0.06613 0.00000 0.02123 0.39464
0.00024 0.00012 0.01155 0.62432 0.00463 0.10474
0.00000 0.00000 0.00000 0.00000 0.75125 0.00000
