initial: 6
0.74049 0.00000 0.07761 0.18190 0.00000 0.00000

transition: 6
0.30741 0.05601 0.43618 0.00780 0.00000 0.19260
0.00208 0.31206 0.65723 0.02863 0.00000 0.00000
0.00727 0.55505 0.12767 0.30998 0.00000 0.00003
0.00712 0.20343 0.00007 0.58567 0.00005 0.20365
0.10632 0.00000 0.00000 0.00000 0.53038 0.36330
0.00405 0.41331 0.00001 0.00000 0.31383 0.26881

observation: 6
0.98119 0.48409 0.27437 0.08644 0.00835 0.09463
0.00641 0.01744 0.44606 0.09663 0.10610 0.08997
0.00678 0.01542 0.21892 0.81681 0.09515 0.31664
0.00562 0.48305 0.06065 0.00011 0.02985 0.39900
0.00000 0.00000 0.00000 0.00000 0.00878 0.09977
0.00000 0.00000 0.00000 0.00000 0.75176 0.00000
