initial: 6
0.75193 0.00000 0.06619 0.18187 0.00000 0.00000

transition: 6
0.30064 0.07872 0.45019 0.00811 0.00000 0.16235
0.22203 0.26422 0.50357 0.01016 0.00000 0.00002
0.01153 0.55167 0.10218 0.33298 0.00005 0.00158
0.00466 0.20807 0.00070 0.59078 0.00002 0.19576
0.10766 0.00001 0.00000 0.00000 0.51284 0.37949
0.01062 0.39435 0.00000 0.00000 0.31523 0.27980

observation: 6
0.67908 0.47668 0.27615 0.09608 0.00538 0.09467
0.01521 0.02917 0.43542 0.09373 0.10491 0.08696
0.30070 0.00354 0.20821 0.19490 0.09745 0.30806
0.00486 0.49057 0.07737 0.00000 0.00954 0.40947
0.00015 0.00003 0.00286 0.61529 0.00320 0.10084
0.00000 0.00000 0.00000 0.00000 0.77952 0.00000
