initial: 6
0.00000 0.14554 0.06394 0.20923 0.00000 0.58128

transition: 6
0.18290 0.37579 0.44122 0.00006 0.00000 0.00002
0.14331 0.35423 0.31910 0.08084 0.00000 0.10252
0.52288 0.01896 0.13003 0.32813 0.00000 0.00000
0.19934 0.00696 0.00285 0.59678 0.00000 0.19406
0.00010 0.10974 0.00000 0.00000 0.51544 0.37473
0.40179 0.00173 0.00000 0.00000 0.31774 0.27873

observation: 6
0.48073 0.63534 0.21810 0.10155 0.00807 0.09470
0.00620 0.05036 0.49061 0.09553 0.09886 0.09303
0.00013 0.25252 0.18459 0.19579 0.10606 0.30782
0.51292 0.06176 0.10494 0.00000 0.01053 0.40102
0.00002 0.00003 0.00176 0.60713 0.00229 0.10343
0.00000 0.00000 0.00000 0.00000 0.77420 0.00000
