initial: 6
0.74434 0.00000 0.07255 0.18310 0.00000 0.00000

transition: 6
0.29915 0.06038 0.46407 0.00726 0.00000 0.16915
0.21692 0.24222 0.53448 0.00636 0.00000 0.00001
0.00898 0.53163 0.13758 0.32081 0.00002 0.00098
0.00307 0.20668 0.00038 0.59304 0.00001 0.19682
0.10790 0.00000 0.00000 0.00000 0.50891 0.38319
0.00686 0.39452 0.00000 0.00000 0.31233 0.28628

observation: 6
0.68378 0.48375 0.28402 0.09741 0.00425 0.09497
0.01131 0.01892 0.42405 0.09514 0.10357 0.09097
0.30108 0.00254 0.20467 0.19514 0.09684 0.30690
0.00375 0.49477 0.08549 0.00000 0.00783 0.40674
0.00009 0.00002 0.00177 0.61230 0.00280 0.10042
0.00000 0.00000 0.00000 0.00000 0.78471 0.00000
