initial: 6
0.71925 0.00271 0.09068 0.18736 0.00000 0.00000

transition: 6
0.29569 0.01058 0.50410 0.00079 0.00000 0.18883
0.19995 0.20213 0.59766 0.00007 0.00019 0.00001
0.00312 0.49706 0.19920 0.30053 0.00000 0.00009
0.00013 0.20206 0.00022 0.59753 0.00000 0.20005
0.10736 0.00000 0.00000 0.00000 0.50107 0.39157
0.00050 0.39454 0.00000 0.00000 0.30438 0.30058

observation: 6
0.69541 0.49755 0.30182 0.10010 0.00024 0.09770
0.00168 0.00118 0.39917 0.09926 0.10268 0.09729
0.30290 0.00027 0.20032 0.19609 0.09782 0.30215
0.00001 0.50099 0.09854 0.00000 0.00171 0.40379
0.00000 0.00000 0.00016 0.60455 0.00294 0.09907
0.00000 0.00000 0.00000 0.00000 0.79460 0.00000
