initial: 6
0.00000 0.11201 0.09028 0.20999 0.00000 0.58773

transition: 6
0.20269 0.22710 0.57021 0.00001 0.00000 0.00000
0.05303 0.29133 0.47377 0.01196 0.00000 0.16991
0.49813 0.00926 0.18433 0.30828 0.00000 0.00000
0.20048 0.00139 0.00145 0.59844 0.00000 0.19824
0.00000 0.10478 0.00000 0.00000 0.50563 0.38960
0.39894 0.00020 0.00000 0.00000 0.30639 0.29447

observation: 6
0.49244 0.68635 0.29168 0.10063 0.00168 0.09758
0.00323 0.01023 0.41181 0.09805 0.10173 0.09593
0.00001 0.29444 0.19709 0.19632 0.10025 0.30184
0.50431 0.00898 0.09898 0.00000 0.00540 0.40289
0.00000 0.00001 0.00044 0.60500 0.00204 0.10176
0.00000 0.00000 0.00000 0.00000 0.78890 0.00000
