initial: 6
0.72194 0.00281 0.08838 0.18687 0.00000 0.00000

transition: 6
0.29550 0.01650 0.49934 0.00176 0.00000 0.18689
0.20200 0.20472 0.59287 0.00038 0.00001 0.00001
0.00403 0.49910 0.19472 0.30196 0.00000 0.00020
0.00046 0.20226 0.00015 0.59718 0.00000 0.19995
0.10742 0.00000 0.00000 0.00000 0.50227 0.39031
0.00116 0.39445 0.00000 0.00000 0.30529 0.29910

observation: 6
0.69436 0.49621 0.30035 0.09986 0.00085 0.09759
0.00258 0.00253 0.40123 0.09885 0.10255 0.09690
0.30283 0.00054 0.20034 0.19587 0.09783 0.30237
0.00021 0.50072 0.09778 0.00000 0.00293 0.40391
0.00001 0.00000 0.00029 0.60541 0.00285 0.09924
0.00000 0.00000 0.00000 0.00000 0.79301 0.00000
