initial: 6
0.50794 0.49206 0.00000 0.00000 0.00000 0.00000

transition: 6
0.29124 0.50666 0.00739 0.19348 0.00000 0.00122
0.00189 0.50131 0.19867 0.00001 0.00000 0.29813
0.00214 0.00035 0.20482 0.78750 0.00002 0.00517
0.00014 0.00187 0.00464 0.27728 0.51540 0.20067
0.00000 0.00000 0.00000 0.00000 0.50082 0.49918
0.60047 0.00002 0.20615 0.19336 0.00000 0.00000

observation: 6
0.00006 0.29991 0.00240 0.10030 0.29859 0.09820
0.09981 0.39660 0.00000 0.10148 0.00000 0.10055
0.40458 0.19991 0.48895 0.29563 0.30240 0.00000
0.49556 0.10358 0.50585 0.40265 0.00000 0.00000
0.00000 0.00000 0.00279 0.09994 0.00000 0.80125
0.00000 0.00000 0.00000 0.00000 0.39902 0.00000
