initial: 6
0.72003 0.00003 0.09234 0.18760 0.00000 0.00000

transition: 6
0.30828 0.00475 0.48879 0.00126 0.00000 0.19692
0.00061 0.20685 0.78785 0.00469 0.00000 0.00000
0.00105 0.50396 0.19624 0.29875 0.00000 0.00000
0.00036 0.20179 0.00001 0.59671 0.00000 0.20114
0.10489 0.00000 0.00000 0.00000 0.50279 0.39232
0.00026 0.39743 0.00000 0.00000 0.30183 0.30048

observation: 6
0.99547 0.49725 0.29701 0.09755 0.00154 0.09859
0.00217 0.00125 0.40316 0.09941 0.10442 0.09680
0.00230 0.00373 0.20024 0.80304 0.09138 0.30993
0.00006 0.49777 0.09959 0.00000 0.00850 0.39564
0.00000 0.00000 0.00000 0.00000 0.00323 0.09904
0.00000 0.00000 0.00000 0.00000 0.79093 0.00000
