initial: 6
0.50647 0.49353 0.00000 0.00000 0.00000 0.00000

transition: 6
0.28932 0.49330 0.00766 0.20766 0.00001 0.00204
0.00341 0.50128 0.19864 0.00004 0.00000 0.29663
0.00294 0.00056 0.20976 0.78278 0.00009 0.00387
0.00020 0.00304 0.00534 0.26680 0.52159 0.20303
0.00000 0.00000 0.00000 0.00000 0.50091 0.49909
0.61911 0.00006 0.19052 0.19031 0.00000 0.00000

observation: 6
0.00006 0.29977 0.00415 0.10062 0.29836 0.09790
0.09762 0.39695 0.00001 0.10111 0.00000 0.10030
0.40614 0.19960 0.48695 0.29540 0.30258 0.00000
0.49619 0.10367 0.50320 0.40298 0.00000 0.00000
0.00000 0.00000 0.00568 0.09989 0.00000 0.80180
0.00000 0.00000 0.00000 0.00000 0.39906 0.00000
