initial: 6
0.00000 0.12989 0.07592 0.20956 0.00000 0.58463

transition: 6
0.19681 0.29372 0.50943 0.00003 0.00000 0.00000
0.11235 0.31513 0.38982 0.05079 0.00000 0.13192
0.50864 0.01457 0.15860 0.31819 0.00000 0.00000
0.20054 0.00362 0.00197 0.59799 0.00000 0.19588
0.00001 0.10780 0.00000 0.00000 0.51023 0.38196
0.40046 0.00065 0.00000 0.00000 0.31192 0.28697

observation: 6
0.48748 0.66233 0.25902 0.10132 0.00517 0.09521
0.00481 0.02933 0.44684 0.09671 0.09990 0.09514
0.00004 0.27762 0.18949 0.19632 0.10325 0.30407
0.50766 0.03070 0.10373 0.00000 0.00762 0.40293
0.00001 0.00002 0.00092 0.60565 0.00200 0.10265
0.00000 0.00000 0.00000 0.00000 0.78206 0.00000
