initial: 6
0.50349 0.49651 0.00000 0.00000 0.00000 0.00000

transition: 6
0.28671 0.47607 0.00814 0.22682 0.00003 0.00223
0.00424 0.50221 0.19863 0.00007 0.00000 0.29485
0.00370 0.00075 0.21193 0.78007 0.00014 0.00342
0.00025 0.00386 0.00585 0.26009 0.52541 0.20454
0.00000 0.00000 0.00000 0.00000 0.50093 0.49907
0.64528 0.00009 0.16616 0.18847 0.00000 0.00000

observation: 6
0.00007 0.29929 0.00550 0.10082 0.29828 0.09770
0.09434 0.39742 0.00002 0.10056 0.00000 0.10005
0.40849 0.19927 0.48574 0.29549 0.30264 0.00000
0.49710 0.10402 0.50011 0.40333 0.00000 0.00000
0.00000 0.00000 0.00863 0.09980 0.00000 0.80224
0.00000 0.00000 0.00000 0.00000 0.39908 0.00000
