initial: 6
0.50768 0.49232 0.00000 0.00000 0.00000 0.00000

transition: 6
0.29058 0.50265 0.00751 0.19755 0.00000 0.00171
0.00266 0.50107 0.19865 0.00002 0.00000 0.29759
0.00246 0.00045 0.20735 0.78525 0.00005 0.00444
0.00016 0.00243 0.00496 0.27247 0.51828 0.20171
0.00000 0.00000 0.00000 0.00000 0.50087 0.49913
0.60595 0.00004 0.20211 0.19190 0.00000 0.00000

observation: 6
0.00005 0.29992 0.00319 0.10046 0.29846 0.09805
0.09923 0.39669 0.00001 0.10139 0.00000 0.10046
0.40501 0.19981 0.48790 0.29547 0.30249 0.00000
0.49571 0.10358 0.50490 0.40275 0.00000 0.00000
0.00000 0.00000 0.00400 0.09993 0.00000 0.80149
0.00000 0.00000 0.00000 0.00000 0.39904 0.00000
