initial: 6
0.72015 0.00282 0.08983 0.18720 0.00000 0.00000

transition: 6
0.29558 0.01263 0.50239 0.00113 0.00000 0.18828
0.20073 0.20290 0.59615 0.00015 0.00006 0.00001
0.00346 0.49767 0.19769 0.30104 0.00000 0.00014
0.00024 0.20207 0.00017 0.59743 0.00000 0.20009
0.10735 0.00000 0.00000 0.00000 0.50154 0.39111
0.00073 0.39442 0.00000 0.00000 0.30469 0.30016

observation: 6
0.69505 0.49708 0.30134 0.10003 0.00044 0.09782
0.00201 0.00164 0.39986 0.09914 0.10263 0.09715
0.30290 0.00037 0.20029 0.19601 0.09785 0.30211
0.00004 0.50092 0.09830 0.00000 0.00219 0.40383
0.00000 0.00000 0.00020 0.60483 0.00292 0.09909
0.00000 0.00000 0.00000 0.00000 0.79396 0.00000
