initial: 6
0.71964 0.00017 0.09228 0.18791 0.00000 0.00000

transition: 6
0.30847 0.00276 0.49107 0.00079 0.00000 0.19691
0.00070 0.20306 0.79336 0.00289 0.00000 0.00000
0.00076 0.50138 0.19918 0.29867 0.00000 0.00000
0.00014 0.20157 0.00001 0.59725 0.00000 0.20103
0.10489 0.00000 0.00000 0.00000 0.50086 0.39425
0.00015 0.39622 0.00000 0.00000 0.30110 0.30254

observation: 6
0.99560 0.49788 0.29752 0.09804 0.00101 0.09882
0.00222 0.00061 0.40145 0.09956 0.10434 0.09715
0.00218 0.00293 0.20029 0.80240 0.09125 0.30943
0.00000 0.49858 0.10075 0.00000 0.00683 0.39559
0.00000 0.00000 0.00000 0.00000 0.00284 0.09901
0.00000 0.00000 0.00000 0.00000 0.79373 0.00000
