initial: 6
0.00004 0.15570 0.05729 0.20875 0.00000 0.57822

transition: 6
0.16710 0.44439 0.38818 0.00012 0.00003 0.00018
0.14767 0.39546 0.28002 0.09164 0.00000 0.08521
0.53658 0.02305 0.10064 0.33967 0.00003 0.00003
0.19730 0.01103 0.00448 0.59466 0.00004 0.19249
0.00054 0.11087 0.00000 0.00000 0.52063 0.36796
0.40207 0.00379 0.00000 0.00000 0.32359 0.27055

observation: 6
0.47193 0.61018 0.18913 0.10081 0.01011 0.09525
0.00763 0.07049 0.52260 0.09420 0.09843 0.08999
0.00042 0.22921 0.18680 0.19450 0.10802 0.31214
0.51998 0.09007 0.09813 0.00000 0.01393 0.39856
0.00005 0.00005 0.00333 0.61050 0.00286 0.10405
0.00000 0.00000 0.00000 0.00000 0.76665 0.00000
