initial: 6
0.75125 0.00000 0.06898 0.17976 0.00000 0.00000

transition: 6
0.30261 0.07996 0.42056 0.01215 0.00000 0.18472
0.00400 0.34335 0.61938 0.03327 0.00000 0.00000
0.01302 0.56967 0.10189 0.31536 0.00000 0.00006
0.01190 0.20051 0.00013 0.58161 0.00010 0.20576
0.10711 0.00000 0.00000 0.00000 0.54342 0.34947
0.00774 0.41968 0.00003 0.00000 0.31833 0.25422

observation: 6
0.97279 0.47511 0.26687 0.08193 0.01097 0.09315
0.00973 0.02539 0.45916 0.09548 0.10720 0.08632
0.00958 0.01988 0.22725 0.82237 0.09854 0.31895
0.00790 0.47963 0.04671 0.00022 0.03809 0.40201
0.00000 0.00000 0.00000 0.00000 0.01146 0.09957
0.00000 0.00000 0.00000 0.00000 0.73374 0.00000
