initial: 6
0.00000 0.12568 0.07931 0.20967 0.00000 0.58534

transition: 6
0.19889 0.27574 0.52535 0.00002 0.00000 0.00000
0.10038 0.30804 0.40972 0.04139 0.00000 0.14046
0.50569 0.01336 0.16502 0.31593 0.00000 0.00000
0.20062 0.00302 0.00183 0.59814 0.00000 0.19638
0.00000 0.10724 0.00000 0.00000 0.50911 0.38365
0.40010 0.00051 0.00000 0.00000 0.31063 0.28876

observation: 6
0.48873 0.66826 0.26811 0.10117 0.00439 0.09558
0.00449 0.02456 0.43721 0.09698 0.10026 0.09543
0.00003 0.28252 0.19131 0.19635 0.10255 0.30340
0.50674 0.02464 0.10258 0.00000 0.00706 0.40313
0.00000 0.00002 0.00079 0.60550 0.00198 0.10246
0.00000 0.00000 0.00000 0.00000 0.78376 0.00000
