initial: 6
0.72798 0.00099 0.08535 0.18569 0.00000 0.00000

transition: 6
0.29608 0.02735 0.49063 0.00351 0.00000 0.18243
0.20577 0.21121 0.58166 0.00136 0.00000 0.00001
0.00533 0.50456 0.18465 0.30511 0.00000 0.00036
0.00107 0.20314 0.00016 0.59632 0.00000 0.19931
0.10768 0.00000 0.00000 0.00000 0.50387 0.38844
0.00235 0.39458 0.00000 0.00000 0.30704 0.29603

observation: 6
0.69204 0.49369 0.29700 0.09933 0.00188 0.09667
0.00433 0.00550 0.40575 0.09796 0.10245 0.09601
0.30220 0.00101 0.20082 0.19561 0.09756 0.30347
0.00141 0.49980 0.09586 0.00000 0.00445 0.40420
0.00002 0.00000 0.00056 0.60710 0.00266 0.09964
0.00000 0.00000 0.00000 0.00000 0.79101 0.00000
