initial: 6
0.50244 0.49756 0.00000 0.00000 0.00000 0.00000

transition: 6
0.28579 0.47078 0.00833 0.23279 0.00004 0.00225
0.00446 0.50254 0.19866 0.00007 0.00001 0.29426
0.00394 0.00081 0.21244 0.77932 0.00016 0.00333
0.00026 0.00410 0.00600 0.25841 0.52634 0.20489
0.00000 0.00000 0.00000 0.00000 0.50093 0.49907
0.65383 0.00010 0.15807 0.18800 0.00000 0.00000

observation: 6
0.00008 0.29911 0.00589 0.10089 0.29826 0.09765
0.09328 0.39755 0.00003 0.10041 0.00000 0.09998
0.40928 0.19919 0.48529 0.29554 0.30264 0.00000
0.49737 0.10415 0.49912 0.40340 0.00000 0.00000
0.00000 0.00000 0.00967 0.09977 0.00000 0.80237
0.00000 0.00000 0.00000 0.00000 0.39909 0.00000
