initial: 6
0.50790 0.49210 0.00000 0.00000 0.00000 0.00000

transition: 6
0.29140 0.50721 0.00729 0.19307 0.00000 0.00103
0.00162 0.50144 0.19869 0.00000 0.00000 0.29824
0.00208 0.00032 0.20411 0.78804 0.00002 0.00544
0.00013 0.00170 0.00456 0.27856 0.51462 0.20043
0.00000 0.00000 0.00000 0.00000 0.50081 0.49919
0.59972 0.00001 0.20648 0.19379 0.00000 0.00000

observation: 6
0.00007 0.29990 0.00217 0.10025 0.29863 0.09824
0.09986 0.39660 0.00000 0.10148 0.00000 0.10058
0.40453 0.19992 0.48929 0.29569 0.30237 0.00000
0.49555 0.10358 0.50606 0.40264 0.00000 0.00000
0.00000 0.00000 0.00247 0.09994 0.00000 0.80118
0.00000 0.00000 0.00000 0.00000 0.39900 0.00000
