initial: 6
0.71987 0.00280 0.09008 0.18725 0.00000 0.00000

transition: 6
0.29561 0.01199 0.50291 0.00102 0.00000 0.18847
0.20050 0.20264 0.59664 0.00012 0.00009 0.00001
0.00336 0.49747 0.19816 0.30089 0.00000 0.00012
0.00021 0.20205 0.00018 0.59747 0.00000 0.20009
0.10735 0.00000 0.00000 0.00000 0.50140 0.39125
0.00066 0.39444 0.00000 0.00000 0.30459 0.30031

observation: 6
0.69516 0.49722 0.30150 0.10005 0.00038 0.09782
0.00191 0.00149 0.39965 0.09918 0.10264 0.09719
0.30290 0.00034 0.20029 0.19603 0.09785 0.30210
0.00002 0.50094 0.09838 0.00000 0.00205 0.40382
0.00000 0.00000 0.00019 0.60474 0.00293 0.09908
0.00000 0.00000 0.00000 0.00000 0.79414 0.00000
