initial: 6
0.50779 0.49221 0.00000 0.00000 0.00000 0.00000

transition: 6
0.29161 0.50765 0.00707 0.19290 0.00000 0.00076
0.00127 0.50164 0.19873 0.00000 0.00000 0.29836
0.00205 0.00027 0.20334 0.78852 0.00001 0.00581
0.00013 0.00147 0.00448 0.28001 0.51374 0.20017
0.00000 0.00000 0.00000 0.00000 0.50080 0.49920
0.59911 0.00001 0.20659 0.19429 0.00000 0.00000

observation: 6
0.00009 0.29986 0.00189 0.10019 0.29868 0.09830
0.09988 0.39660 0.00000 0.10147 0.00000 0.10060
0.40449 0.19993 0.48971 0.29577 0.30234 0.00000
0.49554 0.10360 0.50631 0.40263 0.00000 0.00000
0.00000 0.00000 0.00209 0.09994 0.00000 0.80110
0.00000 0.00000 0.00000 0.00000 0.39898 0.00000
