initial: 6
0.00000 0.12402 0.08066 0.20971 0.00000 0.58561

transition: 6
0.19957 0.26906 0.53135 0.00002 0.00000 0.00000
0.09532 0.30553 0.41759 0.03765 0.00000 0.14391
0.50461 0.01288 0.16746 0.31504 0.00000 0.00000
0.20063 0.00281 0.00178 0.59819 0.00000 0.19659
0.00000 0.10700 0.00000 0.00000 0.50868 0.38432
0.39996 0.00046 0.00000 0.00000 0.31013 0.28945

observation: 6
0.48920 0.67051 0.27146 0.10111 0.00407 0.09575
0.00436 0.02274 0.43366 0.09710 0.10041 0.09553
0.00003 0.28429 0.19204 0.19635 0.10228 0.30316
0.50641 0.02245 0.10211 0.00000 0.00686 0.40317
0.00000 0.00001 0.00074 0.60545 0.00198 0.10239
0.00000 0.00000 0.00000 0.00000 0.78440 0.00000
