initial: 6
0.71960 0.00035 0.09201 0.18804 0.00000 0.00000

transition: 6
0.30858 0.00201 0.49213 0.00056 0.00000 0.19673
0.00077 0.20191 0.79524 0.00208 0.00000 0.00000
0.00060 0.50048 0.20031 0.29861 0.00000 0.00000
0.00007 0.20166 0.00001 0.59747 0.00000 0.20080
0.10491 0.00000 0.00000 0.00000 0.49983 0.39526
0.00010 0.39564 0.00000 0.00000 0.30112 0.30314

observation: 6
0.99554 0.49815 0.29759 0.09808 0.00075 0.09887
0.00231 0.00037 0.40076 0.09963 0.10427 0.09730
0.00215 0.00256 0.20051 0.80229 0.09108 0.30927
0.00000 0.49892 0.10107 0.00000 0.00596 0.39564
0.00000 0.00000 0.00007 0.00000 0.00265 0.09893
0.00000 0.00000 0.00000 0.00000 0.79529 0.00000
