initial: 6
0.71940 0.00274 0.09053 0.18734 0.00000 0.00000

transition: 6
0.29567 0.01092 0.50381 0.00085 0.00000 0.18876
0.20009 0.20224 0.59743 0.00008 0.00016 0.00001
0.00318 0.49715 0.19895 0.30062 0.00000 0.00010
0.00015 0.20205 0.00021 0.59752 0.00000 0.20007
0.10736 0.00000 0.00000 0.00000 0.50115 0.39149
0.00054 0.39450 0.00000 0.00000 0.30443 0.30052

observation: 6
0.69535 0.49747 0.30174 0.10009 0.00027 0.09775
0.00174 0.00126 0.39929 0.09924 0.10267 0.09726
0.30290 0.00029 0.20031 0.19608 0.09783 0.30213
0.00001 0.50098 0.09850 0.00000 0.00180 0.40379
0.00000 0.00000 0.00016 0.60459 0.00294 0.09907
0.00000 0.00000 0.00000 0.00000 0.79448 0.00000
