initial: 6
0.00038 0.16193 0.05494 0.20731 0.00000 0.57543

transition: 6
0.15767 0.49434 0.34673 0.00022 0.00020 0.00083
0.14354 0.42765 0.26200 0.09270 0.00000 0.07412
0.54925 0.02893 0.06782 0.35349 0.00026 0.00025
0.19494 0.01527 0.00771 0.59107 0.00019 0.19082
0.00191 0.11072 0.00000 0.00000 0.52600 0.36137
0.40129 0.00710 0.00000 0.00000 0.32999 0.26161

observation: 6
0.46306 0.58847 0.17366 0.09896 0.01196 0.09569
0.00854 0.08926 0.53970 0.09243 0.09852 0.08634
0.00131 0.21081 0.19571 0.19257 0.10931 0.31712
0.52696 0.11137 0.08444 0.00000 0.01767 0.39636
0.00012 0.00008 0.00649 0.61604 0.00368 0.10449
0.00000 0.00000 0.00000 0.00000 0.75886 0.00000
