initial: 6
0.76874 0.00000 0.05609 0.17517 0.00000 0.00000

transition: 6
0.29899 0.14561 0.39994 0.00810 0.00006 0.14729
0.22205 0.34512 0.40555 0.02720 0.00000 0.00007
0.02446 0.59427 0.01699 0.35682 0.00048 0.00698
0.01631 0.19833 0.00802 0.57774 0.00027 0.19933
0.10609 0.00017 0.00000 0.00000 0.53135 0.36239
0.03652 0.38619 0.00000 0.00000 0.32234 0.25495

observation: 6
0.67517 0.45347 0.25177 0.08602 0.00973 0.09375
0.01914 0.05702 0.47560 0.08771 0.10876 0.07625
0.29538 0.00801 0.22948 0.19124 0.10735 0.30327
0.00953 0.48113 0.03090 0.00000 0.01452 0.42525
0.00079 0.00036 0.01225 0.63502 0.00589 0.10146
0.00000 0.00000 0.00000 0.00000 0.75375 0.00002
