initial: 6
0.77824 0.00000 0.08058 0.14117 0.00000 0.00000

transition: 6
0.35459 0.30465 0.24314 0.00417 0.00512 0.08834
0.20432 0.54622 0.22413 0.02447 0.00009 0.00076
0.09329 0.35733 0.00549 0.47560 0.00307 0.06521
0.07180 0.14044 0.08143 0.47373 0.00311 0.22950
0.10751 0.00537 0.00001 0.00004 0.59071 0.29637
0.22481 0.23886 0.00012 0.00000 0.31302 0.22318

observation: 6
0.67355 0.36462 0.24076 0.05552 0.02449 0.06691
0.02321 0.17235 0.45181 0.00825 0.10728 0.06979
0.24744 0.04893 0.26141 0.14865 0.14900 0.25678
0.05250 0.41178 0.00789 0.00087 0.02105 0.51399
0.00331 0.00231 0.03813 0.78672 0.02128 0.08828
0.00000 0.00000 0.00000 0.00000 0.67691 0.00424
