initial: 6
0.48969 0.51031 0.00000 0.00000 0.00000 0.00000

transition: 6
0.24362 0.40283 0.03059 0.31567 0.00433 0.00295
0.02065 0.49409 0.21116 0.00324 0.00425 0.26662
0.04235 0.01290 0.17352 0.75859 0.00761 0.00502
0.00248 0.02135 0.01917 0.24596 0.52111 0.18993
0.00000 0.00005 0.00000 0.00000 0.50234 0.49761
0.81585 0.00061 0.01207 0.17116 0.00032 0.00000

observation: 6
0.00054 0.29855 0.02041 0.09586 0.29995 0.09477
0.07656 0.40445 0.00765 0.09539 0.00006 0.09694
0.42306 0.19571 0.43967 0.29669 0.30207 0.00000
0.49984 0.10126 0.44555 0.41124 0.00000 0.00000
0.00000 0.00003 0.08672 0.10082 0.00024 0.80829
0.00000 0.00000 0.00000 0.00000 0.39767 0.00000
