initial: 6
0.02172 0.14434 0.08118 0.18973 0.00000 0.56303

transition: 6
0.17884 0.53309 0.27249 0.00069 0.00502 0.00988
0.14400 0.46894 0.26922 0.07329 0.00002 0.04454
0.54992 0.04663 0.02049 0.37009 0.00331 0.00955
0.18715 0.03071 0.04124 0.55573 0.00218 0.18299
0.02028 0.09674 0.00001 0.00000 0.54225 0.34071
0.38932 0.02570 0.00003 0.00000 0.35547 0.22948

observation: 6
0.43142 0.56255 0.16345 0.08833 0.01557 0.09172
0.01215 0.11906 0.53521 0.06534 0.09953 0.07785
0.01712 0.17060 0.24592 0.18058 0.11070 0.34000
0.53855 0.14747 0.02268 0.00004 0.03146 0.38574
0.00076 0.00033 0.03274 0.66571 0.00794 0.10468
0.00000 0.00000 0.00000 0.00000 0.73481 0.00001
