initial: 6
0.50792 0.49208 0.00000 0.00000 0.00000 0.00000

transition: 6
0.29131 0.50693 0.00735 0.19327 0.00000 0.00114
0.00177 0.50136 0.19867 0.00001 0.00000 0.29818
0.00211 0.00033 0.20450 0.78775 0.00002 0.00529
0.00014 0.00180 0.00460 0.27784 0.51506 0.20056
0.00000 0.00000 0.00000 0.00000 0.50082 0.49918
0.60011 0.00002 0.20633 0.19355 0.00000 0.00000

observation: 6
0.00006 0.29991 0.00230 0.10028 0.29860 0.09822
0.09983 0.39660 0.00000 0.10148 0.00000 0.10056
0.40455 0.19991 0.48910 0.29566 0.30239 0.00000
0.49555 0.10358 0.50595 0.40264 0.00000 0.00000
0.00000 0.00000 0.00265 0.09994 0.00000 0.80122
0.00000 0.00000 0.00000 0.00000 0.39901 0.00000
