initial: 6
0.72151 0.00284 0.08870 0.18695 0.00000 0.00000

transition: 6
0.29550 0.01562 0.50004 0.00162 0.00000 0.18722
0.20171 0.20428 0.59366 0.00032 0.00002 0.00001
0.00391 0.49874 0.19542 0.30174 0.00000 0.00019
0.00041 0.20220 0.00015 0.59724 0.00000 0.19999
0.10740 0.00000 0.00000 0.00000 0.50211 0.39048
0.00107 0.39443 0.00000 0.00000 0.30515 0.29935

observation: 6
0.69453 0.49641 0.30059 0.09990 0.00075 0.09766
0.00245 0.00232 0.40091 0.09892 0.10256 0.09696
0.30286 0.00050 0.20032 0.19590 0.09784 0.30230
0.00016 0.50077 0.09791 0.00000 0.00277 0.40389
0.00001 0.00000 0.00027 0.60528 0.00287 0.09920
0.00000 0.00000 0.00000 0.00000 0.79321 0.00000
