initial: 6
0.71992 0.00005 0.09237 0.18767 0.00000 0.00000

transition: 6
0.30831 0.00427 0.48934 0.00116 0.00000 0.19692
0.00062 0.20589 0.78922 0.00428 0.00000 0.00000
0.00099 0.50334 0.19697 0.29871 0.00000 0.00000
0.00030 0.20173 0.00001 0.59683 0.00000 0.20112
0.10488 0.00000 0.00000 0.00000 0.50237 0.39274
0.00023 0.39717 0.00000 0.00000 0.30167 0.30094

observation: 6
0.99552 0.49739 0.29715 0.09767 0.00143 0.09865
0.00217 0.00110 0.40274 0.09944 0.10440 0.09688
0.00227 0.00355 0.20022 0.80289 0.09136 0.30981
0.00004 0.49796 0.09989 0.00000 0.00814 0.39563
0.00000 0.00000 0.00000 0.00000 0.00315 0.09903
0.00000 0.00000 0.00000 0.00000 0.79153 0.00000
