initial: 6
0.00000 0.10766 0.09353 0.21009 0.00000 0.58872

transition: 6
0.20301 0.21454 0.58245 0.00000 0.00000 0.00000
0.03436 0.28817 0.49329 0.00463 0.00000 0.17954
0.49649 0.00775 0.19033 0.30543 0.00000 0.00000
0.20037 0.00083 0.00130 0.59855 0.00000 0.19895
0.00000 0.10358 0.00000 0.00000 0.50433 0.39209
0.39846 0.00011 0.00000 0.00000 0.30481 0.29662

observation: 6
0.49371 0.69245 0.29730 0.10049 0.00072 0.09858
0.00263 0.00587 0.40542 0.09855 0.10234 0.09596
0.00001 0.29695 0.19870 0.19633 0.09944 0.30152
0.50365 0.00472 0.09826 0.00000 0.00469 0.40251
0.00000 0.00000 0.00032 0.60463 0.00207 0.10144
0.00000 0.00000 0.00000 0.00000 0.79074 0.00000
