initial: 6
0.00000 0.10379 0.09619 0.21028 0.00000 0.58973

transition: 6
0.20271 0.20454 0.59273 0.00000 0.00002 0.00000
0.01422 0.28713 0.51035 0.00045 0.00000 0.18784
0.49570 0.00601 0.19587 0.30242 0.00000 0.00000
0.20037 0.00019 0.00108 0.59877 0.00000 0.19959
0.00000 0.10213 0.00000 0.00000 0.50281 0.39506
0.39786 0.00002 0.00000 0.00000 0.30313 0.29899

observation: 6
0.49507 0.69850 0.30155 0.10047 0.00003 0.09951
0.00186 0.00207 0.40026 0.09921 0.10299 0.09592
0.00000 0.29841 0.19995 0.19643 0.09857 0.30135
0.50306 0.00101 0.09807 0.00000 0.00350 0.40218
0.00000 0.00000 0.00016 0.60389 0.00206 0.10103
0.00000 0.00000 0.00000 0.00000 0.79285 0.00000
