initial: 6
0.72143 0.00284 0.08876 0.18696 0.00000 0.00000

transition: 6
0.29550 0.01545 0.50017 0.00159 0.00000 0.18729
0.20165 0.20420 0.59381 0.00031 0.00002 0.00001
0.00388 0.49867 0.19556 0.30170 0.00000 0.00019
0.00040 0.20219 0.00015 0.59725 0.00000 0.20000
0.10740 0.00000 0.00000 0.00000 0.50208 0.39052
0.00105 0.39443 0.00000 0.00000 0.30513 0.29940

observation: 6
0.69456 0.49644 0.30063 0.09991 0.00074 0.09767
0.00242 0.00228 0.40085 0.09893 0.10256 0.09697
0.30286 0.00049 0.20032 0.19591 0.09784 0.30228
0.00015 0.50078 0.09793 0.00000 0.00274 0.40388
0.00001 0.00000 0.00027 0.60525 0.00287 0.09919
0.00000 0.00000 0.00000 0.00000 0.79324 0.00000
