initial: 6
0.72495 0.00000 0.08908 0.18596 0.00000 0.00000

transition: 6
0.30846 0.01914 0.47270 0.00315 0.00000 0.19656
0.00077 0.23931 0.74578 0.01414 0.00000 0.00000
0.00247 0.52150 0.17428 0.30174 0.00000 0.00000
0.00199 0.20329 0.00002 0.59323 0.00001 0.20146
0.10518 0.00000 0.00000 0.00000 0.51138 0.38344
0.00100 0.40269 0.00000 0.00000 0.30567 0.29064

observation: 6
0.99240 0.49383 0.29075 0.09424 0.00397 0.09717
0.00282 0.00582 0.41634 0.09868 0.10483 0.09480
0.00336 0.00769 0.20413 0.80706 0.09172 0.31250
0.00142 0.49266 0.08878 0.00002 0.01584 0.39615
0.00000 0.00000 0.00000 0.00000 0.00492 0.09938
0.00000 0.00000 0.00000 0.00000 0.77873 0.00000
