initial: 6
0.49852 0.50148 0.00000 0.00000 0.00000 0.00000

transition: 6
0.28223 0.45280 0.00919 0.25342 0.00009 0.00227
0.00520 0.50371 0.19897 0.00011 0.00002 0.29199
0.00489 0.00109 0.21411 0.77654 0.00025 0.00313
0.00033 0.00497 0.00657 0.25338 0.52896 0.20580
0.00000 0.00000 0.00000 0.00000 0.50091 0.49909
0.68491 0.00013 0.12841 0.18655 0.00000 0.00000

observation: 6
0.00010 0.29844 0.00725 0.10116 0.29823 0.09748
0.08955 0.39803 0.00007 0.09992 0.00000 0.09976
0.41216 0.19889 0.48312 0.29572 0.30262 0.00000
0.49820 0.10464 0.49542 0.40357 0.00000 0.00000
0.00000 0.00000 0.01414 0.09962 0.00000 0.80276
0.00000 0.00000 0.00000 0.00000 0.39915 0.00000
