initial: 6
0.74389 0.00001 0.07294 0.18317 0.00000 0.00000

transition: 6
0.29904 0.05938 0.46484 0.00719 0.00000 0.16954
0.21660 0.24111 0.53611 0.00617 0.00000 0.00001
0.00886 0.53061 0.13936 0.32020 0.00002 0.00096
0.00299 0.20658 0.00037 0.59315 0.00001 0.19690
0.10790 0.00000 0.00000 0.00000 0.50873 0.38337
0.00669 0.39453 0.00000 0.00000 0.31217 0.28662

observation: 6
0.68404 0.48412 0.28445 0.09747 0.00419 0.09500
0.01108 0.01841 0.42344 0.09523 0.10350 0.09117
0.30110 0.00249 0.20450 0.19515 0.09683 0.30681
0.00368 0.49497 0.08588 0.00000 0.00774 0.40662
0.00009 0.00001 0.00173 0.61214 0.00279 0.10040
0.00000 0.00000 0.00000 0.00000 0.78496 0.00000
