initial: 6
0.00000 0.14518 0.06421 0.20924 0.00000 0.58137

transition: 6
0.18337 0.37356 0.44298 0.00006 0.00000 0.00002
0.14289 0.35301 0.32065 0.08029 0.00000 0.10316
0.52247 0.01886 0.13084 0.32784 0.00000 0.00000
0.19939 0.00685 0.00281 0.59683 0.00000 0.19411
0.00009 0.10969 0.00000 0.00000 0.51529 0.37493
0.40177 0.00169 0.00000 0.00000 0.31758 0.27897

observation: 6
0.48096 0.63610 0.21915 0.10155 0.00800 0.09470
0.00616 0.04977 0.48946 0.09556 0.09888 0.09310
0.00013 0.25325 0.18464 0.19582 0.10599 0.30770
0.51274 0.06085 0.10503 0.00000 0.01043 0.40109
0.00002 0.00003 0.00173 0.60707 0.00228 0.10341
0.00000 0.00000 0.00000 0.00000 0.77442 0.00000
