initial: 6
0.00610 0.16025 0.06461 0.19949 0.00000 0.56956

transition: 6
0.16397 0.53230 0.29649 0.00049 0.00185 0.00490
0.14084 0.45627 0.25864 0.08569 0.00001 0.05855
0.55824 0.04029 0.02962 0.36673 0.00168 0.00344
0.18965 0.02365 0.02166 0.57631 0.00107 0.18765
0.00915 0.10538 0.00000 0.00000 0.53607 0.34940
0.39734 0.01643 0.00001 0.00000 0.34346 0.24277

observation: 6
0.44993 0.56553 0.16452 0.09281 0.01482 0.09401
0.00942 0.10901 0.54770 0.08250 0.09993 0.07984
0.00709 0.18663 0.22336 0.18744 0.11060 0.32881
0.53314 0.13864 0.04550 0.00001 0.02502 0.39245
0.00042 0.00019 0.01891 0.63724 0.00577 0.10489
0.00000 0.00000 0.00000 0.00000 0.74387 0.00000
