initial: 6
0.78877 0.00000 0.05154 0.15970 0.00000 0.00000

transition: 6
0.23872 0.23238 0.38240 0.05816 0.00046 0.08788
0.07541 0.39934 0.49185 0.03339 0.00000 0.00001
0.10579 0.55618 0.01009 0.32332 0.00001 0.00461
0.06459 0.11043 0.00380 0.56316 0.00392 0.25410
0.10630 0.00018 0.00000 0.00000 0.63216 0.26136
0.08059 0.44478 0.00738 0.00000 0.31668 0.15057

observation: 6
0.94180 0.37310 0.21037 0.06096 0.02720 0.08831
0.01664 0.06524 0.51431 0.08383 0.11310 0.06304
0.02825 0.05479 0.26371 0.85222 0.12436 0.32651
0.01331 0.50687 0.01161 0.00299 0.08281 0.43247
0.00000 0.00000 0.00000 0.00000 0.02930 0.08967
0.00000 0.00000 0.00000 0.00000 0.62323 0.00000
