initial: 6
0.85955 0.00000 0.00074 0.13971 0.00000 0.00000

transition: 6
0.25699 0.40425 0.22187 0.07118 0.00382 0.04188
0.12258 0.60354 0.24534 0.02806 0.00005 0.00043
0.18937 0.22442 0.09253 0.45223 0.00054 0.04091
0.08816 0.05657 0.02691 0.53473 0.03235 0.26129
0.11504 0.00312 0.00007 0.00029 0.68805 0.19342
0.18982 0.41961 0.01653 0.00011 0.25561 0.11832

observation: 6
0.85804 0.29341 0.20221 0.06152 0.03427 0.07970
0.04883 0.21443 0.40149 0.04449 0.12212 0.02241
0.06929 0.08583 0.32776 0.88630 0.16697 0.18839
0.02383 0.40634 0.06854 0.00769 0.07677 0.62275
0.00000 0.00000 0.00000 0.00001 0.03705 0.08628
0.00000 0.00000 0.00000 0.00000 0.56282 0.00047
