initial: 6
0.72103 0.00001 0.09178 0.18719 0.00000 0.00000

transition: 6
0.30821 0.00818 0.48489 0.00184 0.00000 0.19688
0.00060 0.21423 0.77783 0.00734 0.00000 0.00000
0.00143 0.50839 0.19092 0.29926 0.00000 0.00000
0.00075 0.20219 0.00001 0.59582 0.00000 0.20123
0.10493 0.00000 0.00000 0.00000 0.50529 0.38978
0.00043 0.39900 0.00000 0.00000 0.30288 0.29769

observation: 6
0.99491 0.49633 0.29574 0.09672 0.00226 0.09821
0.00225 0.00237 0.40626 0.09921 0.10453 0.09627
0.00254 0.00485 0.20076 0.80407 0.09146 0.31065
0.00030 0.49645 0.09724 0.00001 0.01066 0.39575
0.00000 0.00000 0.00000 0.00000 0.00372 0.09911
0.00000 0.00000 0.00000 0.00000 0.78736 0.00000
