initial: 6
0.72942 0.00058 0.08459 0.18540 0.00000 0.00000

transition: 6
0.29627 0.02995 0.48850 0.00391 0.00000 0.18137
0.20665 0.21311 0.57858 0.00165 0.00000 0.00001
0.00561 0.50615 0.18184 0.30601 0.00000 0.00040
0.00121 0.20340 0.00017 0.59610 0.00000 0.19913
0.10773 0.00000 0.00000 0.00000 0.50422 0.38805
0.00264 0.39458 0.00000 0.00000 0.30745 0.29532

observation: 6
0.69143 0.49306 0.29610 0.09919 0.00209 0.09648
0.00481 0.00630 0.40698 0.09775 0.10246 0.09575
0.30207 0.00112 0.20101 0.19556 0.09747 0.30376
0.00166 0.49951 0.09528 0.00000 0.00476 0.40430
0.00003 0.00000 0.00063 0.60751 0.00263 0.09971
0.00000 0.00000 0.00000 0.00000 0.79059 0.00000
