initial: 6
0.00000 0.13658 0.07065 0.20941 0.00000 0.58337

transition: 6
0.19228 0.32559 0.48208 0.00004 0.00000 0.00001
0.12850 0.32891 0.35876 0.06490 0.00000 0.11892
0.51400 0.01645 0.14758 0.32197 0.00000 0.00000
0.20024 0.00477 0.00225 0.59763 0.00000 0.19512
0.00002 0.10863 0.00000 0.00000 0.51220 0.37915
0.40104 0.00097 0.00000 0.00000 0.31414 0.28385

observation: 6
0.48516 0.65200 0.24282 0.10150 0.00641 0.09482
0.00534 0.03750 0.46402 0.09626 0.09939 0.09447
0.00007 0.26836 0.18685 0.19621 0.10441 0.30540
0.50942 0.04211 0.10512 0.00000 0.00865 0.40236
0.00001 0.00002 0.00119 0.60603 0.00207 0.10296
0.00000 0.00000 0.00000 0.00000 0.77907 0.00000
