initial: 6
0.77058 0.00083 0.08669 0.14190 0.00000 0.00000

transition: 6
0.39256 0.38560 0.15942 0.00494 0.01655 0.04093
0.18198 0.59611 0.19979 0.01789 0.00092 0.00331
0.17892 0.17188 0.02690 0.58414 0.00356 0.03460
0.15196 0.11722 0.07317 0.46331 0.00611 0.18822
0.11555 0.01737 0.00018 0.00073 0.60931 0.25684
0.34177 0.07462 0.00041 0.00001 0.32127 0.26192

observation: 6
0.54143 0.39928 0.27239 0.04325 0.02899 0.03658
0.03947 0.19899 0.40401 0.01707 0.10590 0.07461
0.23342 0.06459 0.25700 0.14569 0.15529 0.24627
0.18246 0.33541 0.01109 0.01157 0.03824 0.50952
0.00321 0.00173 0.05552 0.78241 0.02233 0.07755
0.00000 0.00000 0.00000 0.00000 0.64924 0.05545
