initial: 6
0.85993 0.00000 0.00070 0.13937 0.00000 0.00000

transition: 6
0.25882 0.40743 0.21682 0.07184 0.00385 0.04125
0.12333 0.60325 0.24459 0.02831 0.00005 0.00047
0.18801 0.21903 0.09861 0.45304 0.00057 0.04076
0.08830 0.05704 0.02768 0.53387 0.03276 0.26034
0.11534 0.00332 0.00008 0.00032 0.68857 0.19236
0.19370 0.41560 0.01638 0.00012 0.25476 0.11943

observation: 6
0.85528 0.29269 0.20393 0.06188 0.03441 0.07907
0.04999 0.21675 0.39587 0.04434 0.12198 0.02225
0.06991 0.08492 0.33007 0.88599 0.16744 0.18576
0.02482 0.40564 0.07014 0.00778 0.07669 0.62589
0.00000 0.00000 0.00000 0.00001 0.03702 0.08649
0.00000 0.00000 0.00000 0.00000 0.56245 0.00054
