initial: 6
0.50870 0.49130 0.00000 0.00000 0.00000 0.00000

transition: 6
0.21993 0.42472 0.04226 0.29694 0.01042 0.00573
0.03351 0.46261 0.22623 0.01240 0.02293 0.24233
0.09059 0.02737 0.14298 0.70322 0.02874 0.00711
0.00641 0.04043 0.02906 0.27452 0.49715 0.15243
0.00000 0.00073 0.00004 0.00000 0.50648 0.49275
0.82947 0.00104 0.00907 0.15754 0.00288 0.00000

observation: 6
0.00182 0.30452 0.04664 0.06405 0.30761 0.09338
0.07718 0.40987 0.03732 0.07993 0.00047 0.09495
0.42528 0.18690 0.38698 0.30757 0.30221 0.00001
0.49572 0.09815 0.35494 0.44844 0.00004 0.00000
0.00000 0.00056 0.17412 0.10001 0.00171 0.81166
0.00000 0.00000 0.00000 0.00000 0.38796 0.00000
