initial: 6
0.12541 0.06411 0.12493 0.17084 0.00000 0.51470

transition: 6
0.25483 0.52763 0.18349 0.00129 0.01565 0.01710
0.15492 0.50393 0.28918 0.03704 0.00016 0.01478
0.47406 0.06320 0.02134 0.40780 0.00629 0.02732
0.20533 0.04931 0.07959 0.49857 0.00523 0.16196
0.07377 0.06694 0.00023 0.00043 0.55791 0.30073
0.34378 0.05214 0.00038 0.00001 0.39245 0.21124

observation: 6
0.36099 0.56464 0.15961 0.08136 0.01501 0.09299
0.03958 0.14067 0.47770 0.02274 0.09471 0.08117
0.07897 0.12889 0.27833 0.15071 0.11120 0.36665
0.51900 0.16517 0.00815 0.00137 0.04652 0.35942
0.00146 0.00063 0.07622 0.74384 0.01731 0.09813
0.00000 0.00000 0.00000 0.00000 0.71525 0.00164
