initial: 6
0.00000 0.10805 0.09324 0.21008 0.00000 0.58862

transition: 6
0.20300 0.21562 0.58137 0.00001 0.00000 0.00000
0.03618 0.28839 0.49154 0.00521 0.00000 0.17867
0.49661 0.00790 0.18978 0.30571 0.00000 0.00000
0.20038 0.00089 0.00131 0.59854 0.00000 0.19888
0.00000 0.10370 0.00000 0.00000 0.50446 0.39184
0.39851 0.00012 0.00000 0.00000 0.30497 0.29640

observation: 6
0.49359 0.69187 0.29683 0.10050 0.00081 0.09848
0.00270 0.00626 0.40597 0.09850 0.10228 0.09596
0.00001 0.29676 0.19856 0.19633 0.09952 0.30155
0.50371 0.00511 0.09831 0.00000 0.00477 0.40255
0.00000 0.00000 0.00033 0.60467 0.00207 0.10147
0.00000 0.00000 0.00000 0.00000 0.79055 0.00000
