initial: 6
0.49001 0.50999 0.00000 0.00000 0.00000 0.00000

transition: 6
0.24243 0.40319 0.03117 0.31563 0.00456 0.00302
0.02129 0.49322 0.21163 0.00347 0.00466 0.26573
0.04430 0.01353 0.17092 0.75799 0.00815 0.00511
0.00260 0.02208 0.01954 0.24672 0.52029 0.18877
0.00000 0.00006 0.00000 0.00000 0.50245 0.49748
0.81692 0.00063 0.01171 0.17037 0.00037 0.00000

observation: 6
0.00057 0.29865 0.02122 0.09515 0.30014 0.09463
0.07650 0.40464 0.00828 0.09502 0.00007 0.09682
0.42313 0.19560 0.43794 0.29690 0.30204 0.00000
0.49980 0.10108 0.44305 0.41206 0.00000 0.00000
0.00000 0.00003 0.08951 0.10087 0.00027 0.80854
0.00000 0.00000 0.00000 0.00000 0.39748 0.00000
