initial: 6
0.02463 0.14147 0.08355 0.18844 0.00000 0.56192

transition: 6
0.18095 0.53252 0.26980 0.00071 0.00552 0.01049
0.14448 0.47053 0.27081 0.07145 0.00002 0.04271
0.54819 0.04732 0.01991 0.37063 0.00352 0.01044
0.18711 0.03161 0.04409 0.55265 0.00233 0.18221
0.02207 0.09541 0.00001 0.00000 0.54291 0.33960
0.38799 0.02694 0.00004 0.00000 0.35707 0.22795

observation: 6
0.42841 0.56281 0.16324 0.08791 0.01557 0.09149
0.01269 0.12024 0.53295 0.06268 0.09934 0.07790
0.01880 0.16861 0.24844 0.17951 0.11068 0.34149
0.53929 0.14799 0.02080 0.00005 0.03231 0.38451
0.00081 0.00034 0.03457 0.66985 0.00826 0.10459
0.00000 0.00000 0.00000 0.00000 0.73384 0.00001
