initial: 6
0.49720 0.50280 0.00000 0.00000 0.00000 0.00000

transition: 6
0.28095 0.44719 0.00954 0.25995 0.00011 0.00226
0.00545 0.50407 0.19917 0.00013 0.00002 0.29116
0.00525 0.00121 0.21466 0.77550 0.00028 0.00310
0.00035 0.00528 0.00678 0.25198 0.52962 0.20600
0.00000 0.00000 0.00000 0.00000 0.50090 0.49910
0.69530 0.00014 0.11845 0.18611 0.00000 0.00000

observation: 6
0.00010 0.29821 0.00769 0.10126 0.29822 0.09743
0.08835 0.39820 0.00009 0.09979 0.00000 0.09970
0.41313 0.19880 0.48213 0.29578 0.30261 0.00000
0.49842 0.10478 0.49412 0.40359 0.00000 0.00000
0.00000 0.00000 0.01597 0.09958 0.00000 0.80287
0.00000 0.00000 0.00000 0.00000 0.39917 0.00000
