initial: 6
0.00000 0.14682 0.06304 0.20920 0.00000 0.58094

transition: 6
0.18120 0.38370 0.43500 0.00007 0.00000 0.00003
0.14464 0.35864 0.31375 0.08270 0.00000 0.10027
0.52434 0.01935 0.12711 0.32920 0.00000 0.00000
0.19916 0.00736 0.00297 0.59660 0.00001 0.19390
0.00012 0.10990 0.00000 0.00000 0.51598 0.37400
0.40188 0.00189 0.00000 0.00000 0.31835 0.27788

observation: 6
0.47991 0.63261 0.21439 0.10152 0.00831 0.09473
0.00635 0.05246 0.49465 0.09540 0.09879 0.09275
0.00015 0.24990 0.18449 0.19569 0.10631 0.30825
0.51358 0.06499 0.10459 0.00000 0.01086 0.40077
0.00002 0.00003 0.00188 0.60739 0.00234 0.10350
0.00000 0.00000 0.00000 0.00000 0.77340 0.00000
