initial: 6
0.73392 0.00000 0.08261 0.18347 0.00000 0.00000

transition: 6
0.30848 0.04123 0.44958 0.00569 0.00000 0.19501
0.00140 0.28610 0.68845 0.02405 0.00000 0.00000
0.00492 0.54327 0.14503 0.30676 0.00000 0.00001
0.00479 0.20404 0.00005 0.58854 0.00003 0.20255
0.10582 0.00000 0.00000 0.00000 0.52256 0.37162
0.00253 0.40908 0.00000 0.00000 0.31067 0.27772

observation: 6
0.98611 0.48851 0.28044 0.08951 0.00668 0.09557
0.00467 0.01267 0.43529 0.09749 0.10551 0.09202
0.00526 0.01246 0.21295 0.81295 0.09337 0.31516
0.00396 0.48636 0.07132 0.00006 0.02445 0.39753
0.00000 0.00000 0.00000 0.00000 0.00718 0.09971
0.00000 0.00000 0.00000 0.00000 0.76282 0.00000
