initial: 6
0.00000 0.10619 0.09456 0.21015 0.00000 0.58910

transition: 6
0.20298 0.21065 0.58637 0.00000 0.00000 0.00000
0.02734 0.28751 0.49971 0.00271 0.00000 0.18273
0.49609 0.00716 0.19238 0.30437 0.00000 0.00000
0.20035 0.00061 0.00123 0.59861 0.00000 0.19920
0.00000 0.10309 0.00000 0.00000 0.50382 0.39309
0.39826 0.00008 0.00000 0.00000 0.30421 0.29745

observation: 6
0.49418 0.69464 0.29898 0.10046 0.00041 0.09896
0.00238 0.00443 0.40343 0.09876 0.10257 0.09595
0.00001 0.29762 0.19919 0.19636 0.09914 0.30143
0.50343 0.00331 0.09812 0.00000 0.00436 0.40236
0.00000 0.00000 0.00027 0.60442 0.00208 0.10130
0.00000 0.00000 0.00000 0.00000 0.79145 0.00000
