initial: 6
0.71977 0.00278 0.09018 0.18727 0.00000 0.00000

transition: 6
0.29562 0.01174 0.50311 0.00098 0.00000 0.18854
0.20041 0.20254 0.59683 0.00011 0.00010 0.00001
0.00332 0.49739 0.19834 0.30083 0.00000 0.00012
0.00019 0.20205 0.00019 0.59748 0.00000 0.20009
0.10735 0.00000 0.00000 0.00000 0.50135 0.39130
0.00064 0.39445 0.00000 0.00000 0.30456 0.30036

observation: 6
0.69521 0.49728 0.30155 0.10006 0.00035 0.09781
0.00187 0.00144 0.39957 0.09919 0.10265 0.09720
0.30290 0.00033 0.20029 0.19604 0.09785 0.30210
0.00002 0.50095 0.09841 0.00000 0.00200 0.40381
0.00000 0.00000 0.00018 0.60470 0.00293 0.09907
0.00000 0.00000 0.00000 0.00000 0.79422 0.00000
