initial: 6
0.00000 0.10455 0.09567 0.21023 0.00000 0.58954

transition: 6
0.20283 0.20647 0.59070 0.00000 0.00000 0.00000
0.01871 0.28712 0.50690 0.00103 0.00000 0.18624
0.49578 0.00641 0.19473 0.30308 0.00000 0.00000
0.20035 0.00033 0.00113 0.59871 0.00000 0.19948
0.00000 0.10246 0.00000 0.00000 0.50316 0.39438
0.39799 0.00004 0.00000 0.00000 0.30349 0.29848

observation: 6
0.49477 0.69723 0.30075 0.10046 0.00011 0.09937
0.00204 0.00283 0.40127 0.09905 0.10285 0.09593
0.00000 0.29821 0.19972 0.19640 0.09876 0.30136
0.50319 0.00174 0.09806 0.00000 0.00384 0.40222
0.00000 0.00000 0.00020 0.60409 0.00207 0.10112
0.00000 0.00000 0.00000 0.00000 0.79236 0.00000
