initial: 6
0.00000 0.10447 0.09572 0.21024 0.00000 0.58956

transition: 6
0.20282 0.20627 0.59091 0.00000 0.00000 0.00000
0.01826 0.28712 0.50725 0.00096 0.00000 0.18641
0.49576 0.00637 0.19485 0.30301 0.00000 0.00000
0.20035 0.00032 0.00113 0.59871 0.00000 0.19949
0.00000 0.10243 0.00000 0.00000 0.50313 0.39444
0.39798 0.00004 0.00000 0.00000 0.30345 0.29853

observation: 6
0.49480 0.69735 0.30083 0.10046 0.00010 0.09939
0.00202 0.00275 0.40117 0.09907 0.10286 0.09593
0.00000 0.29823 0.19974 0.19640 0.09874 0.30136
0.50317 0.00166 0.09806 0.00000 0.00381 0.40221
0.00000 0.00000 0.00020 0.60407 0.00207 0.10111
0.00000 0.00000 0.00000 0.00000 0.79241 0.00000
