initial: 6
0.00005 0.15622 0.05700 0.20869 0.00000 0.57804

transition: 6
0.16623 0.44820 0.38522 0.00013 0.00004 0.00020
0.14751 0.39789 0.27833 0.09191 0.00000 0.08436
0.53744 0.02337 0.09860 0.34052 0.00004 0.00003
0.19716 0.01130 0.00462 0.59448 0.00004 0.19239
0.00059 0.11091 0.00000 0.00000 0.52096 0.36754
0.40204 0.00396 0.00000 0.00000 0.32398 0.27001

observation: 6
0.47132 0.60866 0.18778 0.10072 0.01023 0.09530
0.00771 0.07178 0.52411 0.09411 0.09842 0.08977
0.00045 0.22788 0.18718 0.19439 0.10811 0.31244
0.52047 0.09164 0.09746 0.00000 0.01416 0.39841
0.00005 0.00005 0.00347 0.61078 0.00290 0.10409
0.00000 0.00000 0.00000 0.00000 0.76617 0.00000
