initial: 6
0.75275 0.00000 0.06776 0.17949 0.00000 0.00000

transition: 6
0.30153 0.08350 0.41900 0.01288 0.00000 0.18309
0.00440 0.34691 0.61497 0.03372 0.00000 0.00000
0.01410 0.57134 0.09832 0.31616 0.00000 0.00007
0.01270 0.19986 0.00014 0.58108 0.00011 0.20610
0.10721 0.00000 0.00000 0.00000 0.54534 0.34745
0.00843 0.42053 0.00004 0.00000 0.31890 0.25211

observation: 6
0.97160 0.47359 0.26601 0.08134 0.01134 0.09295
0.01022 0.02654 0.46066 0.09534 0.10736 0.08577
0.01001 0.02050 0.22830 0.82308 0.09905 0.31928
0.00818 0.47937 0.04503 0.00024 0.03925 0.40249
0.00000 0.00000 0.00000 0.00000 0.01186 0.09951
0.00000 0.00000 0.00000 0.00000 0.73115 0.00000
