initial: 6
0.72191 0.00281 0.08840 0.18688 0.00000 0.00000

transition: 6
0.29550 0.01645 0.49938 0.00176 0.00000 0.18691
0.20198 0.20470 0.59292 0.00038 0.00001 0.00001
0.00402 0.49907 0.19476 0.30195 0.00000 0.00020
0.00046 0.20225 0.00015 0.59718 0.00000 0.19995
0.10742 0.00000 0.00000 0.00000 0.50226 0.39032
0.00116 0.39445 0.00000 0.00000 0.30528 0.29911

observation: 6
0.69437 0.49622 0.30037 0.09986 0.00084 0.09759
0.00257 0.00252 0.40122 0.09886 0.10255 0.09690
0.30283 0.00053 0.20034 0.19588 0.09783 0.30237
0.00021 0.50073 0.09779 0.00000 0.00292 0.40390
0.00001 0.00000 0.00029 0.60540 0.00285 0.09924
0.00000 0.00000 0.00000 0.00000 0.79302 0.00000
