initial: 6
0.00000 0.11194 0.09033 0.20999 0.00000 0.58774

transition: 6
0.20269 0.22689 0.57040 0.00001 0.00000 0.00000
0.05275 0.29127 0.47408 0.01183 0.00000 0.17006
0.49810 0.00923 0.18443 0.30824 0.00000 0.00000
0.20048 0.00138 0.00145 0.59844 0.00000 0.19825
0.00000 0.10476 0.00000 0.00000 0.50561 0.38963
0.39894 0.00020 0.00000 0.00000 0.30637 0.29450

observation: 6
0.49246 0.68644 0.29177 0.10062 0.00167 0.09760
0.00322 0.01016 0.41171 0.09806 0.10174 0.09593
0.00001 0.29448 0.19712 0.19632 0.10024 0.30184
0.50430 0.00891 0.09897 0.00000 0.00539 0.40288
0.00000 0.00001 0.00043 0.60500 0.00204 0.10176
0.00000 0.00000 0.00000 0.00000 0.78893 0.00000
