initial: 6
0.00001 0.15007 0.06081 0.20910 0.00000 0.58001

transition: 6
0.17642 0.40478 0.41865 0.00008 0.00001 0.00006
0.14704 0.37088 0.30058 0.08685 0.00000 0.09465
0.52834 0.02044 0.11890 0.33231 0.00001 0.00001
0.19860 0.00851 0.00336 0.59606 0.00001 0.19345
0.00021 0.11030 0.00000 0.00000 0.51748 0.37202
0.40205 0.00241 0.00000 0.00000 0.32002 0.27553

observation: 6
0.47748 0.62516 0.20492 0.10138 0.00893 0.09486
0.00677 0.05827 0.50506 0.09503 0.09864 0.09193
0.00021 0.24284 0.18462 0.19537 0.10693 0.30946
0.51552 0.07369 0.10315 0.00000 0.01181 0.40006
0.00003 0.00004 0.00225 0.60821 0.00248 0.10370
0.00000 0.00000 0.00000 0.00000 0.77120 0.00000
