initial: 6
0.75040 0.00000 0.06745 0.18215 0.00000 0.00000

transition: 6
0.30041 0.07472 0.45317 0.00798 0.00000 0.16372
0.22111 0.25920 0.51039 0.00927 0.00000 0.00002
0.01093 0.54718 0.11020 0.33022 0.00004 0.00143
0.00426 0.20787 0.00061 0.59130 0.00002 0.19594
0.10773 0.00000 0.00000 0.00000 0.51191 0.38035
0.00969 0.39440 0.00000 0.00000 0.31463 0.28127

observation: 6
0.68007 0.47825 0.27785 0.09641 0.00514 0.09471
0.01442 0.02684 0.43295 0.09401 0.10460 0.08786
0.30075 0.00331 0.20733 0.19496 0.09723 0.30788
0.00462 0.49157 0.07928 0.00000 0.00917 0.40879
0.00013 0.00003 0.00259 0.61462 0.00309 0.10076
0.00000 0.00000 0.00000 0.00000 0.78076 0.00000
