initial: 6
0.71998 0.00004 0.09235 0.18763 0.00000 0.00000

transition: 6
0.30829 0.00456 0.48901 0.00122 0.00000 0.19692
0.00061 0.20648 0.78838 0.00453 0.00000 0.00000
0.00103 0.50372 0.19652 0.29873 0.00000 0.00000
0.00034 0.20176 0.00001 0.59676 0.00000 0.20113
0.10489 0.00000 0.00000 0.00000 0.50263 0.39248
0.00025 0.39733 0.00000 0.00000 0.30177 0.30066

observation: 6
0.99549 0.49730 0.29707 0.09759 0.00150 0.09861
0.00217 0.00119 0.40300 0.09942 0.10441 0.09683
0.00229 0.00366 0.20023 0.80298 0.09137 0.30988
0.00005 0.49784 0.09971 0.00000 0.00836 0.39564
0.00000 0.00000 0.00000 0.00000 0.00320 0.09903
0.00000 0.00000 0.00000 0.00000 0.79116 0.00000
