initial: 6
0.73705 0.00004 0.07874 0.18417 0.00000 0.00000

transition: 6
0.29754 0.04490 0.47631 0.00587 0.00000 0.17538
0.21169 0.22608 0.55852 0.00369 0.00000 0.00001
0.00719 0.51716 0.16270 0.31231 0.00001 0.00064
0.00205 0.20500 0.00024 0.59469 0.00000 0.19800
0.10791 0.00000 0.00000 0.00000 0.50630 0.38580
0.00448 0.39458 0.00000 0.00000 0.30981 0.29113

observation: 6
0.68777 0.48897 0.29047 0.09835 0.00322 0.09556
0.00787 0.01173 0.41485 0.09648 0.10278 0.09378
0.30156 0.00179 0.20249 0.19532 0.09699 0.30539
0.00274 0.49750 0.09107 0.00000 0.00634 0.40520
0.00005 0.00001 0.00112 0.60985 0.00263 0.10007
0.00000 0.00000 0.00000 0.00000 0.78805 0.00000
