initial: 6
0.00000 0.14243 0.06621 0.20929 0.00000 0.58206

transition: 6
0.18666 0.35730 0.45596 0.00005 0.00000 0.00001
0.13920 0.34438 0.33251 0.07582 0.00000 0.10809
0.51954 0.01807 0.13663 0.32576 0.00000 0.00000
0.19973 0.00609 0.00259 0.59714 0.00000 0.19444
0.00006 0.10935 0.00000 0.00000 0.51421 0.37638
0.40155 0.00140 0.00000 0.00000 0.31638 0.28066

observation: 6
0.48251 0.64158 0.22700 0.10157 0.00749 0.09468
0.00587 0.04556 0.48097 0.09581 0.09903 0.09362
0.00010 0.25851 0.18512 0.19598 0.10547 0.30688
0.51150 0.05432 0.10540 0.00000 0.00979 0.40156
0.00001 0.00003 0.00152 0.60663 0.00219 0.10326
0.00000 0.00000 0.00000 0.00000 0.77603 0.00000
