initial: 6
0.74071 0.00001 0.07564 0.18363 0.00000 0.00000

transition: 6
0.29832 0.05251 0.47023 0.00664 0.00000 0.17230
0.21429 0.23371 0.54705 0.00494 0.00000 0.00001
0.00804 0.52390 0.15102 0.31624 0.00001 0.00079
0.00252 0.20585 0.00030 0.59391 0.00000 0.19741
0.10793 0.00000 0.00000 0.00000 0.50751 0.38457
0.00558 0.39455 0.00000 0.00000 0.31104 0.28883

observation: 6
0.68583 0.48653 0.28736 0.09790 0.00374 0.09523
0.00954 0.01506 0.41928 0.09582 0.10311 0.09249
0.30132 0.00215 0.20348 0.19523 0.09685 0.30617
0.00324 0.49625 0.08847 0.00000 0.00708 0.40587
0.00007 0.00001 0.00142 0.61105 0.00269 0.10024
0.00000 0.00000 0.00000 0.00000 0.78652 0.00000
