initial: 6
0.00000 0.10662 0.09426 0.21013 0.00000 0.58899

transition: 6
0.20300 0.21178 0.58522 0.00000 0.00000 0.00000
0.02947 0.28768 0.49782 0.00324 0.00000 0.18179
0.49620 0.00734 0.19177 0.30469 0.00000 0.00000
0.20036 0.00068 0.00125 0.59859 0.00000 0.19912
0.00000 0.10324 0.00000 0.00000 0.50397 0.39279
0.39832 0.00009 0.00000 0.00000 0.30439 0.29719

observation: 6
0.49404 0.69399 0.29850 0.10047 0.00050 0.09885
0.00246 0.00485 0.40401 0.09870 0.10250 0.09595
0.00001 0.29743 0.19905 0.19635 0.09923 0.30146
0.50350 0.00373 0.09815 0.00000 0.00447 0.40240
0.00000 0.00000 0.00028 0.60449 0.00208 0.10134
0.00000 0.00000 0.00000 0.00000 0.79123 0.00000
