initial: 6
0.72062 0.00001 0.09203 0.18734 0.00000 0.00000

transition: 6
0.30822 0.00687 0.48638 0.00164 0.00000 0.19690
0.00059 0.21133 0.78170 0.00637 0.00000 0.00000
0.00129 0.50671 0.19297 0.29903 0.00000 0.00000
0.00060 0.20203 0.00001 0.59615 0.00000 0.20120
0.10491 0.00000 0.00000 0.00000 0.50441 0.39068
0.00037 0.39845 0.00000 0.00000 0.30249 0.29869

observation: 6
0.99515 0.49666 0.29626 0.09703 0.00201 0.09835
0.00221 0.00194 0.40506 0.09928 0.10449 0.09647
0.00245 0.00445 0.20050 0.80368 0.09144 0.31039
0.00019 0.49695 0.09817 0.00001 0.00990 0.39571
0.00000 0.00000 0.00000 0.00000 0.00355 0.09908
0.00000 0.00000 0.00000 0.00000 0.78861 0.00000
