initial: 6
0.00000 0.11702 0.08632 0.20988 0.00000 0.58678

transition: 6
0.20176 0.24329 0.55494 0.00001 0.00000 0.00000
0.07197 0.29641 0.45062 0.02213 0.00000 0.15887
0.50054 0.01081 0.17742 0.31123 0.00000 0.00000
0.20059 0.00197 0.00159 0.59834 0.00000 0.19751
0.00000 0.10584 0.00000 0.00000 0.50693 0.38723
0.39939 0.00030 0.00000 0.00000 0.30801 0.29230

observation: 6
0.49108 0.67972 0.28408 0.10083 0.00272 0.09668
0.00376 0.01534 0.42014 0.09761 0.10113 0.09582
0.00002 0.29074 0.19506 0.19634 0.10111 0.30231
0.50514 0.01418 0.10017 0.00000 0.00603 0.40314
0.00000 0.00001 0.00056 0.60523 0.00200 0.10205
0.00000 0.00000 0.00000 0.00000 0.78701 0.00000
