initial: 6
0.50789 0.49211 0.00000 0.00000 0.00000 0.00000

transition: 6
0.29093 0.50504 0.00747 0.19505 0.00000 0.00151
0.00231 0.50114 0.19866 0.00001 0.00000 0.29788
0.00229 0.00040 0.20615 0.78635 0.00004 0.00476
0.00015 0.00217 0.00480 0.27481 0.51688 0.20118
0.00000 0.00000 0.00000 0.00000 0.50085 0.49915
0.60268 0.00003 0.20469 0.19260 0.00000 0.00000

observation: 6
0.00005 0.29993 0.00281 0.10039 0.29852 0.09812
0.09960 0.39663 0.00001 0.10145 0.00000 0.10051
0.40474 0.19987 0.48837 0.29553 0.30245 0.00000
0.49561 0.10357 0.50541 0.40269 0.00000 0.00000
0.00000 0.00000 0.00340 0.09993 0.00000 0.80137
0.00000 0.00000 0.00000 0.00000 0.39903 0.00000
