initial: 6
0.74577 0.00000 0.07343 0.18080 0.00000 0.00000

transition: 6
0.30562 0.06757 0.42757 0.00976 0.00000 0.18948
0.00286 0.32882 0.63708 0.03124 0.00000 0.00000
0.00971 0.56283 0.11487 0.31255 0.00000 0.00004
0.00927 0.20232 0.00010 0.58360 0.00007 0.20463
0.10672 0.00000 0.00000 0.00000 0.53667 0.35661
0.00562 0.41651 0.00002 0.00000 0.31613 0.26172

observation: 6
0.97712 0.48004 0.27037 0.08416 0.00964 0.09390
0.00798 0.02128 0.45306 0.09603 0.10662 0.08823
0.00810 0.01763 0.22321 0.81965 0.09675 0.31776
0.00680 0.48105 0.05336 0.00016 0.03392 0.40039
0.00000 0.00000 0.00000 0.00000 0.01007 0.09972
0.00000 0.00000 0.00000 0.00000 0.74299 0.00000
