initial: 6
0.72411 0.00240 0.08702 0.18648 0.00000 0.00000

transition: 6
0.29562 0.02063 0.49606 0.00245 0.00000 0.18523
0.20341 0.20694 0.58893 0.00070 0.00001 0.00001
0.00456 0.50094 0.19119 0.30305 0.00000 0.00026
0.00070 0.20255 0.00015 0.59687 0.00000 0.19973
0.10752 0.00000 0.00000 0.00000 0.50293 0.38954
0.00161 0.39452 0.00000 0.00000 0.30595 0.29792

observation: 6
0.69353 0.49526 0.29918 0.09967 0.00126 0.09723
0.00321 0.00358 0.40284 0.09853 0.10249 0.09659
0.30264 0.00072 0.20046 0.19576 0.09776 0.30276
0.00060 0.50044 0.09713 0.00000 0.00357 0.40401
0.00001 0.00000 0.00039 0.60605 0.00276 0.09941
0.00000 0.00000 0.00000 0.00000 0.79216 0.00000
