initial: 6
0.00000 0.10440 0.09577 0.21024 0.00000 0.58958

transition: 6
0.20281 0.20608 0.59110 0.00000 0.00000 0.00000
0.01784 0.28711 0.50758 0.00090 0.00000 0.18657
0.49576 0.00634 0.19496 0.30295 0.00000 0.00000
0.20035 0.00030 0.00112 0.59872 0.00000 0.19950
0.00000 0.10240 0.00000 0.00000 0.50309 0.39451
0.39797 0.00003 0.00000 0.00000 0.30342 0.29858

observation: 6
0.49483 0.69748 0.30091 0.10046 0.00009 0.09941
0.00201 0.00268 0.40107 0.09908 0.10287 0.09593
0.00000 0.29826 0.19976 0.19640 0.09873 0.30136
0.50316 0.00159 0.09806 0.00000 0.00378 0.40221
0.00000 0.00000 0.00020 0.60405 0.00207 0.10110
0.00000 0.00000 0.00000 0.00000 0.79246 0.00000
