initial: 6
0.49312 0.50688 0.00000 0.00000 0.00000 0.00000

transition: 6
0.27642 0.43029 0.01107 0.27978 0.00021 0.00222
0.00642 0.50497 0.20020 0.00021 0.00005 0.28815
0.00678 0.00173 0.21644 0.77152 0.00046 0.00307
0.00044 0.00643 0.00768 0.24804 0.53115 0.20626
0.00000 0.00000 0.00000 0.00000 0.50088 0.49912
0.72879 0.00018 0.08628 0.18474 0.00000 0.00000

observation: 6
0.00013 0.29756 0.00907 0.10162 0.29820 0.09728
0.08465 0.39884 0.00021 0.09944 0.00000 0.09950
0.41621 0.19848 0.47779 0.29590 0.30257 0.00000
0.49901 0.10512 0.48946 0.40358 0.00000 0.00000
0.00000 0.00000 0.02347 0.09946 0.00000 0.80322
0.00000 0.00000 0.00000 0.00000 0.39923 0.00000
