initial: 6
0.72007 0.00281 0.08990 0.18722 0.00000 0.00000

transition: 6
0.29559 0.01243 0.50254 0.00110 0.00000 0.18834
0.20066 0.20282 0.59630 0.00014 0.00007 0.00001
0.00343 0.49760 0.19783 0.30099 0.00000 0.00013
0.00023 0.20206 0.00018 0.59744 0.00000 0.20009
0.10735 0.00000 0.00000 0.00000 0.50150 0.39115
0.00071 0.39442 0.00000 0.00000 0.30466 0.30020

observation: 6
0.69509 0.49712 0.30139 0.10003 0.00042 0.09783
0.00198 0.00159 0.39980 0.09915 0.10263 0.09716
0.30290 0.00036 0.20029 0.19602 0.09785 0.30211
0.00003 0.50093 0.09833 0.00000 0.00215 0.40383
0.00000 0.00000 0.00020 0.60480 0.00293 0.09908
0.00000 0.00000 0.00000 0.00000 0.79401 0.00000
