initial: 6
0.00000 0.10692 0.09405 0.21012 0.00000 0.58891

transition: 6
0.20300 0.21256 0.58444 0.00000 0.00000 0.00000
0.03088 0.28780 0.49653 0.00362 0.00000 0.18116
0.49628 0.00746 0.19136 0.30490 0.00000 0.00000
0.20036 0.00072 0.00127 0.59858 0.00000 0.19907
0.00000 0.10334 0.00000 0.00000 0.50408 0.39258
0.39837 0.00009 0.00000 0.00000 0.30452 0.29703

observation: 6
0.49395 0.69355 0.29817 0.10047 0.00056 0.09877
0.00251 0.00514 0.40441 0.09865 0.10245 0.09595
0.00001 0.29730 0.19895 0.19634 0.09929 0.30147
0.50354 0.00401 0.09818 0.00000 0.00453 0.40243
0.00000 0.00000 0.00029 0.60453 0.00207 0.10137
0.00000 0.00000 0.00000 0.00000 0.79109 0.00000
