initial: 6
0.50793 0.49207 0.00000 0.00000 0.00000 0.00000

transition: 6
0.29111 0.50603 0.00743 0.19406 0.00000 0.00136
0.00209 0.50122 0.19866 0.00001 0.00000 0.29802
0.00221 0.00037 0.20543 0.78699 0.00003 0.00497
0.00014 0.00201 0.00471 0.27616 0.51607 0.20090
0.00000 0.00000 0.00000 0.00000 0.50084 0.49916
0.60133 0.00002 0.20564 0.19301 0.00000 0.00000

observation: 6
0.00005 0.29992 0.00259 0.10034 0.29855 0.09816
0.09973 0.39661 0.00000 0.10147 0.00000 0.10053
0.40464 0.19989 0.48868 0.29558 0.30242 0.00000
0.49558 0.10357 0.50566 0.40267 0.00000 0.00000
0.00000 0.00000 0.00307 0.09994 0.00000 0.80130
0.00000 0.00000 0.00000 0.00000 0.39902 0.00000
