initial: 6
0.72748 0.00000 0.08730 0.18523 0.00000 0.00000

transition: 6
0.30860 0.02565 0.46563 0.00386 0.00000 0.19627
0.00092 0.25391 0.72768 0.01749 0.00000 0.00000
0.00311 0.52852 0.16509 0.30328 0.00000 0.00001
0.00275 0.20372 0.00003 0.59180 0.00001 0.20169
0.10535 0.00000 0.00000 0.00000 0.51467 0.37998
0.00138 0.40461 0.00000 0.00000 0.30719 0.28682

observation: 6
0.99069 0.49237 0.28764 0.09282 0.00482 0.09665
0.00327 0.00783 0.42219 0.09835 0.10501 0.09399
0.00388 0.00916 0.20660 0.80879 0.09204 0.31338
0.00216 0.49063 0.08357 0.00003 0.01849 0.39646
0.00000 0.00000 0.00000 0.00000 0.00557 0.09951
0.00000 0.00000 0.00000 0.00000 0.77406 0.00000
