initial: 6
0.73773 0.00003 0.07817 0.18407 0.00000 0.00000

transition: 6
0.29768 0.04630 0.47518 0.00602 0.00000 0.17481
0.21217 0.22743 0.55648 0.00391 0.00000 0.00001
0.00734 0.51833 0.16066 0.31299 0.00001 0.00067
0.00213 0.20516 0.00025 0.59455 0.00000 0.19790
0.10791 0.00000 0.00000 0.00000 0.50651 0.38558
0.00467 0.39457 0.00000 0.00000 0.31003 0.29072

observation: 6
0.68742 0.48854 0.28991 0.09827 0.00332 0.09549
0.00817 0.01231 0.41565 0.09636 0.10283 0.09356
0.30151 0.00185 0.20266 0.19530 0.09695 0.30554
0.00284 0.49729 0.09061 0.00000 0.00648 0.40531
0.00006 0.00001 0.00117 0.61007 0.00264 0.10010
0.00000 0.00000 0.00000 0.00000 0.78778 0.00000
