initial: 6
0.56455 0.43508 0.00001 0.00035 0.00000 0.00000

transition: 6
0.23724 0.46861 0.06721 0.17703 0.02878 0.02114
0.04188 0.41164 0.29091 0.02990 0.05481 0.17087
0.13615 0.03533 0.15417 0.60827 0.05737 0.00870
0.02506 0.07340 0.05367 0.32332 0.43921 0.08534
0.00003 0.00544 0.00410 0.00004 0.50933 0.48107
0.74020 0.00200 0.01619 0.23193 0.00960 0.00008

observation: 6
0.00509 0.32490 0.05193 0.02537 0.31088 0.09110
0.08789 0.42198 0.10041 0.04731 0.00168 0.08445
0.42989 0.15980 0.27438 0.34368 0.30915 0.00139
0.47706 0.08851 0.24717 0.51642 0.00319 0.00006
0.00006 0.00480 0.32612 0.06721 0.00562 0.82300
0.00000 0.00000 0.00000 0.00000 0.36949 0.00000
