initial: 6
0.22122 0.02847 0.12065 0.18558 0.00001 0.44408

transition: 6
0.38162 0.50208 0.07951 0.00250 0.01738 0.01691
0.17725 0.52295 0.26600 0.02644 0.00078 0.00658
0.30617 0.08001 0.07134 0.49913 0.00921 0.03414
0.24598 0.06248 0.06340 0.48464 0.01601 0.12749
0.08971 0.05540 0.00145 0.00306 0.59444 0.25594
0.29823 0.06142 0.00176 0.00019 0.37514 0.26327

observation: 6
0.34214 0.54250 0.17874 0.06525 0.01876 0.09588
0.08287 0.15953 0.41037 0.02451 0.09708 0.06783
0.13372 0.10682 0.27551 0.14764 0.11982 0.36092
0.43989 0.19042 0.01636 0.01075 0.07039 0.36069
0.00138 0.00072 0.11902 0.75186 0.02602 0.07036
0.00000 0.00000 0.00000 0.00000 0.66794 0.04432
