initial: 6
0.00000 0.10651 0.09434 0.21013 0.00000 0.58902

transition: 6
0.20299 0.21148 0.58552 0.00000 0.00000 0.00000
0.02891 0.28763 0.49832 0.00310 0.00000 0.18204
0.49617 0.00730 0.19193 0.30460 0.00000 0.00000
0.20035 0.00066 0.00125 0.59860 0.00000 0.19914
0.00000 0.10320 0.00000 0.00000 0.50393 0.39287
0.39831 0.00008 0.00000 0.00000 0.30435 0.29726

observation: 6
0.49408 0.69416 0.29863 0.10047 0.00047 0.09888
0.00244 0.00474 0.40386 0.09871 0.10251 0.09595
0.00001 0.29748 0.19909 0.19635 0.09921 0.30145
0.50348 0.00362 0.09814 0.00000 0.00444 0.40239
0.00000 0.00000 0.00028 0.60447 0.00208 0.10133
0.00000 0.00000 0.00000 0.00000 0.79129 0.00000
