initial: 6
0.00000 0.13496 0.07191 0.20944 0.00000 0.58369

transition: 6
0.19354 0.31745 0.48896 0.00004 0.00000 0.00000
0.12493 0.32523 0.36621 0.06161 0.00000 0.12202
0.51262 0.01600 0.15037 0.32101 0.00000 0.00000
0.20033 0.00446 0.00217 0.59774 0.00000 0.19530
0.00002 0.10843 0.00000 0.00000 0.51170 0.37986
0.40090 0.00088 0.00000 0.00000 0.31358 0.28465

observation: 6
0.48578 0.65464 0.24695 0.10147 0.00611 0.09489
0.00521 0.03544 0.45963 0.09637 0.09951 0.09466
0.00006 0.27079 0.18745 0.19625 0.10412 0.30505
0.50895 0.03912 0.10486 0.00000 0.00838 0.40253
0.00001 0.00002 0.00111 0.60592 0.00205 0.10288
0.00000 0.00000 0.00000 0.00000 0.77983 0.00000
