initial: 6
0.72789 0.00101 0.08539 0.18570 0.00000 0.00000

transition: 6
0.29607 0.02720 0.49075 0.00349 0.00000 0.18249
0.20572 0.21110 0.58183 0.00134 0.00000 0.00001
0.00531 0.50447 0.18481 0.30506 0.00000 0.00036
0.00106 0.20313 0.00016 0.59633 0.00000 0.19932
0.10768 0.00000 0.00000 0.00000 0.50386 0.38847
0.00233 0.39458 0.00000 0.00000 0.30701 0.29607

observation: 6
0.69207 0.49372 0.29705 0.09934 0.00186 0.09669
0.00430 0.00545 0.40569 0.09798 0.10245 0.09603
0.30221 0.00100 0.20081 0.19561 0.09756 0.30346
0.00139 0.49982 0.09589 0.00000 0.00443 0.40420
0.00002 0.00000 0.00056 0.60708 0.00266 0.09963
0.00000 0.00000 0.00000 0.00000 0.79103 0.00000
