initial: 6
0.71958 0.00053 0.09168 0.18821 0.00000 0.00000

transition: 6
0.30880 0.00110 0.49323 0.00021 0.00000 0.19665
0.00086 0.20063 0.79757 0.00095 0.00000 0.00000
0.00031 0.49937 0.20151 0.29881 0.00000 0.00000
0.00001 0.20166 0.00001 0.59778 0.00000 0.20055
0.10495 0.00000 0.00000 0.00000 0.49823 0.39682
0.00003 0.39466 0.00000 0.00000 0.30077 0.30454

observation: 6
0.99543 0.49853 0.29766 0.09831 0.00035 0.09895
0.00247 0.00009 0.39999 0.09974 0.10420 0.09741
0.00210 0.00200 0.20090 0.80195 0.09086 0.30896
0.00000 0.49930 0.10141 0.00000 0.00450 0.39582
0.00000 0.00008 0.00004 0.00000 0.00234 0.09887
0.00000 0.00000 0.00000 0.00000 0.79775 0.00000
