initial: 6
0.48763 0.51237 0.00000 0.00000 0.00000 0.00000

transition: 6
0.25651 0.40222 0.02303 0.31379 0.00205 0.00240
0.01389 0.50140 0.20653 0.00139 0.00126 0.27554
0.02311 0.00699 0.20300 0.75953 0.00329 0.00409
0.00137 0.01415 0.01462 0.24089 0.52875 0.20022
0.00000 0.00000 0.00000 0.00000 0.50139 0.49860
0.80136 0.00040 0.01976 0.17844 0.00004 0.00000

observation: 6
0.00027 0.29757 0.01403 0.10078 0.29865 0.09619
0.07760 0.40236 0.00295 0.09809 0.00001 0.09829
0.42221 0.19674 0.45579 0.29547 0.30245 0.00000
0.49993 0.10332 0.46700 0.40537 0.00000 0.00000
0.00000 0.00000 0.06023 0.10028 0.00004 0.80551
0.00000 0.00000 0.00000 0.00000 0.39886 0.00000
