initial: 6
0.77813 0.00000 0.05054 0.17133 0.00000 0.00000

transition: 6
0.25163 0.17678 0.41220 0.03868 0.00003 0.12067
0.03291 0.38717 0.54298 0.03694 0.00000 0.00000
0.06356 0.57644 0.02850 0.33060 0.00000 0.00089
0.04202 0.16185 0.00095 0.57051 0.00081 0.22386
0.10742 0.00003 0.00000 0.00000 0.59518 0.29737
0.04119 0.43483 0.00118 0.00000 0.32478 0.19802

observation: 6
0.95052 0.41711 0.24893 0.07010 0.02064 0.09059
0.01698 0.05230 0.48544 0.09199 0.11034 0.07351
0.02038 0.03651 0.24695 0.83669 0.11309 0.32638
0.01212 0.49409 0.01868 0.00122 0.06685 0.41441
0.00000 0.00000 0.00000 0.00000 0.02206 0.09510
0.00000 0.00000 0.00000 0.00000 0.66703 0.00000
