initial: 6
0.74173 0.00001 0.07478 0.18348 0.00000 0.00000

transition: 6
0.29855 0.05468 0.46851 0.00683 0.00000 0.17143
0.21503 0.23599 0.54365 0.00532 0.00000 0.00001
0.00829 0.52596 0.14744 0.31745 0.00001 0.00084
0.00267 0.20609 0.00032 0.59367 0.00001 0.19725
0.10792 0.00000 0.00000 0.00000 0.50788 0.38420
0.00591 0.39455 0.00000 0.00000 0.31140 0.28814

observation: 6
0.68527 0.48579 0.28644 0.09777 0.00388 0.09515
0.01003 0.01609 0.42058 0.09563 0.10323 0.09209
0.30125 0.00226 0.20379 0.19520 0.09683 0.30638
0.00338 0.49586 0.08768 0.00000 0.00729 0.40609
0.00008 0.00001 0.00151 0.61140 0.00272 0.10029
0.00000 0.00000 0.00000 0.00000 0.78605 0.00000
