initial: 6
0.00000 0.14335 0.06553 0.20928 0.00000 0.58184

transition: 6
0.18561 0.36263 0.45168 0.00006 0.00000 0.00002
0.14053 0.34715 0.32851 0.07737 0.00000 0.10643
0.52049 0.01833 0.13475 0.32643 0.00000 0.00000
0.19963 0.00633 0.00266 0.59704 0.00000 0.19433
0.00007 0.10946 0.00000 0.00000 0.51456 0.37591
0.40163 0.00149 0.00000 0.00000 0.31677 0.28011

observation: 6
0.48202 0.63980 0.22440 0.10157 0.00766 0.09468
0.00596 0.04693 0.48377 0.09573 0.09897 0.09346
0.00011 0.25680 0.18493 0.19593 0.10565 0.30714
0.51189 0.05644 0.10532 0.00000 0.01000 0.40141
0.00001 0.00003 0.00158 0.60676 0.00222 0.10331
0.00000 0.00000 0.00000 0.00000 0.77551 0.00000
