initial: 6
0.73033 0.00000 0.08525 0.18442 0.00000 0.00000

transition: 6
0.30864 0.03272 0.45817 0.00465 0.00000 0.19582
0.00111 0.26906 0.70913 0.02070 0.00000 0.00000
0.00387 0.53554 0.15569 0.30489 0.00000 0.00001
0.00363 0.20399 0.00003 0.59029 0.00002 0.20204
0.10556 0.00000 0.00000 0.00000 0.51821 0.37623
0.00186 0.40664 0.00000 0.00000 0.30879 0.28271

observation: 6
0.98870 0.49070 0.28430 0.09131 0.00568 0.09614
0.00385 0.01001 0.42831 0.09797 0.10523 0.09311
0.00448 0.01069 0.20944 0.81068 0.09255 0.31424
0.00298 0.48859 0.07794 0.00004 0.02124 0.39689
0.00000 0.00000 0.00000 0.00000 0.00629 0.09962
0.00000 0.00000 0.00000 0.00000 0.76900 0.00000
