initial: 6
0.00000 0.11494 0.08798 0.20993 0.00000 0.58715

transition: 6
0.20221 0.23635 0.56143 0.00001 0.00000 0.00000
0.06437 0.29415 0.46029 0.01776 0.00000 0.16342
0.49948 0.01018 0.18030 0.31004 0.00000 0.00000
0.20055 0.00174 0.00153 0.59838 0.00000 0.19780
0.00000 0.10543 0.00000 0.00000 0.50640 0.38817
0.39921 0.00025 0.00000 0.00000 0.30736 0.29318

observation: 6
0.49164 0.68244 0.28737 0.10074 0.00230 0.09703
0.00355 0.01321 0.41656 0.09778 0.10137 0.09587
0.00002 0.29237 0.19592 0.19633 0.10076 0.30210
0.50479 0.01197 0.09964 0.00000 0.00578 0.40306
0.00000 0.00001 0.00051 0.60515 0.00201 0.10194
0.00000 0.00000 0.00000 0.00000 0.78778 0.00000
