initial: 6
0.00000 0.10456 0.09567 0.21023 0.00000 0.58954

transition: 6
0.20283 0.20649 0.59068 0.00000 0.00000 0.00000
0.01876 0.28712 0.50686 0.00103 0.00000 0.18622
0.49578 0.00642 0.19472 0.30309 0.00000 0.00000
0.20035 0.00033 0.00113 0.59871 0.00000 0.19947
0.00000 0.10247 0.00000 0.00000 0.50317 0.39437
0.39799 0.00004 0.00000 0.00000 0.30350 0.29847

observation: 6
0.49477 0.69721 0.30074 0.10046 0.00011 0.09937
0.00204 0.00283 0.40128 0.09905 0.10284 0.09593
0.00000 0.29821 0.19971 0.19640 0.09877 0.30136
0.50319 0.00175 0.09806 0.00000 0.00385 0.40222
0.00000 0.00000 0.00020 0.60409 0.00207 0.10112
0.00000 0.00000 0.00000 0.00000 0.79236 0.00000
