initial: 6
0.72111 0.00285 0.08901 0.18702 0.00000 0.00000

transition: 6
0.29551 0.01477 0.50070 0.00148 0.00000 0.18754
0.20143 0.20387 0.59440 0.00027 0.00002 0.00001
0.00379 0.49842 0.19608 0.30154 0.00000 0.00017
0.00036 0.20216 0.00015 0.59730 0.00000 0.20003
0.10739 0.00000 0.00000 0.00000 0.50196 0.39065
0.00097 0.39442 0.00000 0.00000 0.30502 0.29959

observation: 6
0.69468 0.49660 0.30081 0.09994 0.00067 0.09772
0.00232 0.00212 0.40060 0.09899 0.10258 0.09701
0.30288 0.00046 0.20030 0.19593 0.09784 0.30223
0.00011 0.50082 0.09803 0.00000 0.00262 0.40387
0.00001 0.00000 0.00025 0.60515 0.00289 0.09916
0.00000 0.00000 0.00000 0.00000 0.79341 0.00000
