initial: 6
0.50790 0.49210 0.00000 0.00000 0.00000 0.00000

transition: 6
0.29138 0.50714 0.00731 0.19311 0.00000 0.00106
0.00166 0.50142 0.19868 0.00000 0.00000 0.29823
0.00208 0.00032 0.20421 0.78797 0.00002 0.00540
0.00013 0.00173 0.00457 0.27838 0.51473 0.20046
0.00000 0.00000 0.00000 0.00000 0.50081 0.49919
0.59981 0.00001 0.20645 0.19373 0.00000 0.00000

observation: 6
0.00006 0.29990 0.00221 0.10026 0.29862 0.09824
0.09985 0.39660 0.00000 0.10148 0.00000 0.10057
0.40453 0.19992 0.48924 0.29568 0.30238 0.00000
0.49555 0.10358 0.50604 0.40264 0.00000 0.00000
0.00000 0.00000 0.00251 0.09994 0.00000 0.80119
0.00000 0.00000 0.00000 0.00000 0.39900 0.00000
