initial: 6
0.00000 0.10605 0.09465 0.21015 0.00000 0.58914

transition: 6
0.20297 0.21029 0.58673 0.00000 0.00000 0.00000
0.02666 0.28746 0.50031 0.00255 0.00000 0.18303
0.49606 0.00711 0.19257 0.30426 0.00000 0.00000
0.20035 0.00059 0.00122 0.59862 0.00000 0.19922
0.00000 0.10304 0.00000 0.00000 0.50377 0.39319
0.39824 0.00007 0.00000 0.00000 0.30416 0.29753

observation: 6
0.49423 0.69485 0.29914 0.10046 0.00038 0.09900
0.00235 0.00429 0.40325 0.09879 0.10259 0.09595
0.00001 0.29767 0.19924 0.19636 0.09911 0.30143
0.50341 0.00318 0.09811 0.00000 0.00432 0.40234
0.00000 0.00000 0.00027 0.60440 0.00208 0.10128
0.00000 0.00000 0.00000 0.00000 0.79152 0.00000
