initial: 6
0.76730 0.00000 0.05643 0.17627 0.00000 0.00000

transition: 6
0.29899 0.13735 0.40605 0.00821 0.00003 0.14938
0.22202 0.33713 0.41541 0.02538 0.00000 0.00006
0.02266 0.59291 0.02156 0.35659 0.00039 0.00589
0.01435 0.20110 0.00603 0.57998 0.00022 0.19832
0.10634 0.00012 0.00000 0.00000 0.52873 0.36480
0.03192 0.38851 0.00000 0.00000 0.32161 0.25796

observation: 6
0.67397 0.45689 0.25434 0.08748 0.00908 0.09404
0.01937 0.05473 0.47069 0.08921 0.10842 0.07722
0.29709 0.00730 0.22678 0.19206 0.10557 0.30458
0.00891 0.48080 0.03771 0.00000 0.01404 0.42274
0.00066 0.00028 0.01049 0.63125 0.00546 0.10140
0.00000 0.00000 0.00000 0.00000 0.75743 0.00001
