initial: 6
0.00027 0.16114 0.05499 0.20767 0.00000 0.57593

transition: 6
0.15861 0.48719 0.35320 0.00020 0.00015 0.00066
0.14432 0.42301 0.26402 0.09287 0.00000 0.07577
0.54726 0.02779 0.07342 0.35117 0.00019 0.00018
0.19537 0.01453 0.00698 0.59186 0.00015 0.19110
0.00157 0.11087 0.00000 0.00000 0.52504 0.36251
0.40147 0.00643 0.00000 0.00000 0.32882 0.26327

observation: 6
0.46445 0.59186 0.17560 0.09937 0.01163 0.09567
0.00845 0.08634 0.53756 0.09282 0.09845 0.08700
0.00108 0.21365 0.19374 0.19294 0.10911 0.31620
0.52592 0.10807 0.08732 0.00000 0.01701 0.39671
0.00010 0.00007 0.00577 0.61487 0.00352 0.10442
0.00000 0.00000 0.00000 0.00000 0.76027 0.00000
