initial: 6
0.74132 0.00001 0.07513 0.18355 0.00000 0.00000

transition: 6
0.29846 0.05380 0.46921 0.00675 0.00000 0.17178
0.21473 0.23506 0.54503 0.00516 0.00000 0.00001
0.00819 0.52512 0.14891 0.31695 0.00001 0.00082
0.00261 0.20599 0.00031 0.59377 0.00000 0.19731
0.10792 0.00000 0.00000 0.00000 0.50773 0.38435
0.00577 0.39455 0.00000 0.00000 0.31125 0.28842

observation: 6
0.68550 0.48609 0.28682 0.09782 0.00383 0.09518
0.00983 0.01567 0.42005 0.09571 0.10318 0.09225
0.30127 0.00221 0.20366 0.19521 0.09684 0.30630
0.00333 0.49602 0.08800 0.00000 0.00721 0.40600
0.00007 0.00001 0.00147 0.61126 0.00271 0.10027
0.00000 0.00000 0.00000 0.00000 0.78624 0.00000
