initial: 6
0.28657 0.02987 0.12936 0.22468 0.01253 0.31699

transition: 6
0.44705 0.46942 0.05297 0.00516 0.01116 0.01424
0.18631 0.52113 0.25475 0.02941 0.00231 0.00608
0.22348 0.09142 0.16195 0.47890 0.01644 0.02782
0.25736 0.07810 0.05662 0.49465 0.05610 0.05717
0.05884 0.03258 0.00403 0.00502 0.63046 0.26906
0.30496 0.06170 0.00519 0.00146 0.26934 0.35736

observation: 6
0.35605 0.52577 0.18798 0.05681 0.02508 0.08046
0.09180 0.17326 0.35109 0.03243 0.10030 0.05890
0.14108 0.10587 0.26479 0.16809 0.15450 0.29864
0.40955 0.19397 0.03733 0.02961 0.11731 0.30789
0.00151 0.00113 0.15880 0.71305 0.03146 0.04331
0.00001 0.00000 0.00000 0.00000 0.57135 0.21079
