initial: 6
0.63414 0.08566 0.13395 0.14625 0.00000 0.00000

transition: 6
0.45946 0.43530 0.07067 0.01065 0.01030 0.01363
0.19286 0.53298 0.23809 0.02550 0.00404 0.00652
0.17775 0.11922 0.16791 0.50023 0.01413 0.02076
0.22655 0.11411 0.04914 0.50447 0.06041 0.04532
0.04825 0.02151 0.00384 0.00456 0.59925 0.32259
0.30705 0.05519 0.00644 0.00174 0.20830 0.42127

observation: 6
0.45208 0.44327 0.24352 0.05201 0.02612 0.04363
0.07194 0.18769 0.34988 0.03452 0.10346 0.06387
0.19026 0.08864 0.25102 0.16855 0.20266 0.19543
0.28340 0.27875 0.04018 0.03029 0.14043 0.28340
0.00231 0.00163 0.11539 0.71463 0.03605 0.03680
0.00000 0.00000 0.00000 0.00000 0.49129 0.37687
