initial: 6
0.71992 0.00005 0.09237 0.18766 0.00000 0.00000

transition: 6
0.30831 0.00429 0.48932 0.00116 0.00000 0.19692
0.00062 0.20594 0.78915 0.00430 0.00000 0.00000
0.00099 0.50337 0.19693 0.29871 0.00000 0.00000
0.00031 0.20173 0.00001 0.59683 0.00000 0.20112
0.10488 0.00000 0.00000 0.00000 0.50240 0.39272
0.00023 0.39718 0.00000 0.00000 0.30167 0.30091

observation: 6
0.99552 0.49738 0.29715 0.09766 0.00143 0.09864
0.00217 0.00111 0.40276 0.09944 0.10440 0.09688
0.00227 0.00356 0.20022 0.80290 0.09136 0.30982
0.00004 0.49795 0.09987 0.00000 0.00815 0.39563
0.00000 0.00000 0.00000 0.00000 0.00315 0.09903
0.00000 0.00000 0.00000 0.00000 0.79150 0.00000
