initial: 6
0.19753 0.03370 0.12217 0.17759 0.00000 0.46901

transition: 6
0.34945 0.51438 0.09985 0.00204 0.01737 0.01690
0.17135 0.52054 0.27242 0.02748 0.00048 0.00773
0.35238 0.07653 0.04929 0.47975 0.00768 0.03436
0.23216 0.05862 0.06957 0.48408 0.00961 0.14596
0.09408 0.05957 0.00086 0.00212 0.57825 0.26512
0.30640 0.06060 0.00119 0.00008 0.39656 0.23518

observation: 6
0.34198 0.54708 0.17456 0.07066 0.01678 0.09619
0.07421 0.15444 0.42859 0.02251 0.09509 0.07401
0.12432 0.11104 0.27836 0.14328 0.11440 0.36697
0.45804 0.18675 0.01262 0.00644 0.05907 0.36477
0.00145 0.00069 0.10588 0.75712 0.02473 0.08010
0.00000 0.00000 0.00000 0.00000 0.68994 0.01796
