initial: 6
0.54560 0.45433 0.00000 0.00007 0.00000 0.00000

transition: 6
0.22740 0.45709 0.05808 0.22340 0.02024 0.01379
0.03925 0.42682 0.26362 0.02457 0.04660 0.19914
0.12496 0.03354 0.14843 0.63200 0.05286 0.00821
0.01575 0.06133 0.04520 0.31225 0.45976 0.10571
0.00000 0.00293 0.00137 0.00001 0.50900 0.48669
0.78545 0.00147 0.01210 0.19427 0.00670 0.00001

observation: 6
0.00334 0.31697 0.05550 0.03340 0.31129 0.09345
0.08325 0.41879 0.08071 0.05701 0.00111 0.08960
0.43046 0.16753 0.31098 0.32881 0.30722 0.00033
0.48293 0.09393 0.26962 0.49819 0.00118 0.00001
0.00002 0.00279 0.28318 0.08260 0.00422 0.81662
0.00000 0.00000 0.00000 0.00000 0.37499 0.00000
