initial: 6
0.50790 0.49210 0.00000 0.00000 0.00000 0.00000

transition: 6
0.29097 0.50530 0.00746 0.19479 0.00000 0.00148
0.00226 0.50115 0.19866 0.00001 0.00000 0.29792
0.00227 0.00039 0.20598 0.78651 0.00004 0.00481
0.00015 0.00213 0.00478 0.27513 0.51669 0.20111
0.00000 0.00000 0.00000 0.00000 0.50085 0.49915
0.60233 0.00003 0.20495 0.19270 0.00000 0.00000

observation: 6
0.00005 0.29993 0.00276 0.10037 0.29853 0.09813
0.09964 0.39662 0.00001 0.10146 0.00000 0.10051
0.40471 0.19988 0.48844 0.29555 0.30244 0.00000
0.49560 0.10357 0.50547 0.40269 0.00000 0.00000
0.00000 0.00000 0.00332 0.09993 0.00000 0.80136
0.00000 0.00000 0.00000 0.00000 0.39903 0.00000
