initial: 6
0.00000 0.10376 0.09621 0.21029 0.00000 0.58974

transition: 6
0.20270 0.20447 0.59281 0.00000 0.00002 0.00000
0.01405 0.28713 0.51049 0.00043 0.00000 0.18790
0.49570 0.00600 0.19591 0.30239 0.00000 0.00000
0.20038 0.00018 0.00107 0.59877 0.00000 0.19960
0.00000 0.10212 0.00000 0.00000 0.50280 0.39508
0.39786 0.00002 0.00000 0.00000 0.30311 0.29901

observation: 6
0.49508 0.69855 0.30158 0.10047 0.00003 0.09952
0.00186 0.00204 0.40022 0.09922 0.10299 0.09592
0.00000 0.29841 0.19996 0.19643 0.09856 0.30136
0.50306 0.00099 0.09807 0.00000 0.00349 0.40218
0.00000 0.00000 0.00016 0.60389 0.00206 0.10103
0.00000 0.00000 0.00000 0.00000 0.79287 0.00000
