initial: 6
0.00000 0.12148 0.08272 0.20978 0.00000 0.58603

transition: 6
0.20049 0.25928 0.54021 0.00002 0.00000 0.00000
0.08724 0.30195 0.42962 0.03194 0.00000 0.14925
0.50305 0.01214 0.17113 0.31368 0.00000 0.00000
0.20063 0.00250 0.00171 0.59825 0.00000 0.19691
0.00000 0.10661 0.00000 0.00000 0.50804 0.38534
0.39975 0.00040 0.00000 0.00000 0.30937 0.29048

observation: 6
0.48989 0.67389 0.27631 0.10101 0.00359 0.09605
0.00415 0.02002 0.42849 0.09727 0.10066 0.09565
0.00003 0.28680 0.19315 0.19635 0.10186 0.30282
0.50593 0.01928 0.10139 0.00000 0.00655 0.40320
0.00000 0.00001 0.00067 0.60537 0.00198 0.10227
0.00000 0.00000 0.00000 0.00000 0.78536 0.00000
