initial: 6
0.75605 0.00000 0.06295 0.18100 0.00000 0.00000

transition: 6
0.30091 0.09067 0.44133 0.00833 0.00000 0.15876
0.22381 0.27968 0.48351 0.01297 0.00000 0.00003
0.01348 0.56463 0.07868 0.34099 0.00009 0.00213
0.00603 0.20825 0.00109 0.58909 0.00004 0.19549
0.10743 0.00001 0.00000 0.00000 0.51579 0.37676
0.01374 0.39404 0.00000 0.00000 0.31689 0.27533

observation: 6
0.67640 0.47221 0.27122 0.09493 0.00610 0.09459
0.01722 0.03604 0.44263 0.09301 0.10581 0.08439
0.30061 0.00424 0.21120 0.19463 0.09839 0.30824
0.00557 0.48746 0.07113 0.00000 0.01061 0.41171
0.00021 0.00005 0.00381 0.61743 0.00355 0.10106
0.00000 0.00000 0.00000 0.00000 0.77553 0.00000
