initial: 6
0.48860 0.51140 0.00000 0.00000 0.00000 0.00000

transition: 6
0.24879 0.40185 0.02783 0.31548 0.00336 0.00270
0.01786 0.49745 0.20920 0.00236 0.00274 0.27040
0.03412 0.01032 0.18566 0.75969 0.00557 0.00464
0.00199 0.01829 0.01747 0.24317 0.52450 0.19458
0.00000 0.00002 0.00000 0.00000 0.50189 0.49809
0.81079 0.00052 0.01412 0.17441 0.00016 0.00000

observation: 6
0.00040 0.29814 0.01732 0.09840 0.29929 0.09537
0.07688 0.40365 0.00534 0.09673 0.00003 0.09749
0.42278 0.19614 0.44674 0.29599 0.30224 0.00000
0.49994 0.10206 0.45533 0.40826 0.00000 0.00000
0.00000 0.00001 0.07527 0.10062 0.00013 0.80714
0.00000 0.00000 0.00000 0.00000 0.39832 0.00000
