initial: 6
0.50757 0.49243 0.00000 0.00000 0.00000 0.00000

transition: 6
0.29044 0.50162 0.00752 0.19864 0.00000 0.00177
0.00278 0.50107 0.19865 0.00002 0.00000 0.29748
0.00253 0.00046 0.20773 0.78487 0.00006 0.00435
0.00017 0.00251 0.00502 0.27166 0.51875 0.20190
0.00000 0.00000 0.00000 0.00000 0.50088 0.49912
0.60736 0.00004 0.20093 0.19167 0.00000 0.00000

observation: 6
0.00005 0.29991 0.00332 0.10048 0.29845 0.09803
0.09907 0.39672 0.00001 0.10137 0.00000 0.10044
0.40512 0.19979 0.48775 0.29545 0.30251 0.00000
0.49576 0.10359 0.50470 0.40278 0.00000 0.00000
0.00000 0.00000 0.00422 0.09992 0.00000 0.80153
0.00000 0.00000 0.00000 0.00000 0.39905 0.00000
