initial: 6
0.71862 0.00261 0.09132 0.18746 0.00000 0.00000

transition: 6
0.29577 0.00925 0.50527 0.00057 0.00000 0.18914
0.19938 0.20171 0.59858 0.00003 0.00030 0.00001
0.00286 0.49670 0.20022 0.30017 0.00000 0.00005
0.00007 0.20208 0.00031 0.59756 0.00000 0.19998
0.10739 0.00000 0.00000 0.00000 0.50069 0.39193
0.00034 0.39463 0.00000 0.00000 0.30420 0.30083

observation: 6
0.69568 0.49789 0.30211 0.10014 0.00012 0.09751
0.00142 0.00088 0.39873 0.09932 0.10273 0.09738
0.30290 0.00021 0.20037 0.19616 0.09778 0.30224
0.00000 0.50102 0.09867 0.00000 0.00133 0.40377
0.00000 0.00000 0.00012 0.60439 0.00292 0.09910
0.00000 0.00000 0.00000 0.00000 0.79511 0.00000
