initial: 6
0.49603 0.50397 0.00000 0.00000 0.00000 0.00000

transition: 6
0.27975 0.44228 0.00990 0.26569 0.00013 0.00225
0.00570 0.50436 0.19939 0.00015 0.00003 0.29038
0.00562 0.00133 0.21517 0.77449 0.00032 0.00307
0.00037 0.00557 0.00700 0.25080 0.53014 0.20613
0.00000 0.00000 0.00000 0.00000 0.50089 0.49911
0.70467 0.00015 0.10945 0.18572 0.00000 0.00000

observation: 6
0.00011 0.29802 0.00808 0.10136 0.29821 0.09739
0.08728 0.39836 0.00011 0.09968 0.00000 0.09964
0.41400 0.19872 0.48110 0.29583 0.30260 0.00000
0.49861 0.10490 0.49291 0.40360 0.00000 0.00000
0.00000 0.00000 0.01780 0.09954 0.00000 0.80297
0.00000 0.00000 0.00000 0.00000 0.39919 0.00000
