initial: 6
0.73581 0.00000 0.08120 0.18299 0.00000 0.00000

transition: 6
0.30829 0.04558 0.44541 0.00627 0.00000 0.19445
0.00157 0.29425 0.67863 0.02555 0.00000 0.00000
0.00554 0.54695 0.13979 0.30771 0.00000 0.00002
0.00543 0.20395 0.00005 0.58768 0.00004 0.20285
0.10596 0.00000 0.00000 0.00000 0.52483 0.36921
0.00292 0.41033 0.00000 0.00000 0.31162 0.27513

observation: 6
0.98471 0.48729 0.27856 0.08859 0.00718 0.09529
0.00514 0.01405 0.43865 0.09723 0.10568 0.09144
0.00569 0.01335 0.21474 0.81410 0.09385 0.31561
0.00446 0.48531 0.06805 0.00007 0.02606 0.39792
0.00000 0.00000 0.00000 0.00000 0.00764 0.09974
0.00000 0.00000 0.00000 0.00000 0.75960 0.00000
