initial: 6
0.00001 0.14827 0.06203 0.20916 0.00000 0.58053

transition: 6
0.17914 0.39295 0.42780 0.00007 0.00001 0.00004
0.14589 0.36392 0.30778 0.08466 0.00000 0.09775
0.52607 0.01981 0.12360 0.33051 0.00000 0.00000
0.19892 0.00785 0.00313 0.59638 0.00001 0.19371
0.00015 0.11008 0.00000 0.00000 0.51662 0.37315
0.40197 0.00210 0.00000 0.00000 0.31906 0.27687

observation: 6
0.47888 0.62938 0.21016 0.10147 0.00858 0.09478
0.00653 0.05496 0.49928 0.09524 0.09872 0.09241
0.00017 0.24683 0.18447 0.19556 0.10659 0.30876
0.51439 0.06879 0.10405 0.00000 0.01127 0.40046
0.00002 0.00003 0.00203 0.60772 0.00240 0.10359
0.00000 0.00000 0.00000 0.00000 0.77245 0.00000
