initial: 6
0.72859 0.00080 0.08505 0.18556 0.00000 0.00000

transition: 6
0.29616 0.02844 0.48974 0.00368 0.00000 0.18199
0.20614 0.21198 0.58039 0.00148 0.00000 0.00001
0.00544 0.50521 0.18350 0.30547 0.00000 0.00038
0.00113 0.20325 0.00016 0.59623 0.00000 0.19923
0.10770 0.00000 0.00000 0.00000 0.50402 0.38828
0.00247 0.39458 0.00000 0.00000 0.30721 0.29574

observation: 6
0.69179 0.49343 0.29663 0.09927 0.00197 0.09659
0.00453 0.00583 0.40626 0.09787 0.10246 0.09590
0.30215 0.00106 0.20090 0.19558 0.09752 0.30359
0.00152 0.49968 0.09562 0.00000 0.00458 0.40424
0.00002 0.00000 0.00059 0.60727 0.00264 0.09967
0.00000 0.00000 0.00000 0.00000 0.79083 0.00000
