initial: 6
0.75015 0.00000 0.06766 0.18219 0.00000 0.00000

transition: 6
0.30036 0.07407 0.45366 0.00796 0.00000 0.16395
0.22095 0.25841 0.51149 0.00913 0.00000 0.00002
0.01084 0.54646 0.11149 0.32977 0.00004 0.00141
0.00420 0.20783 0.00060 0.59138 0.00002 0.19597
0.10774 0.00000 0.00000 0.00000 0.51177 0.38048
0.00955 0.39441 0.00000 0.00000 0.31453 0.28151

observation: 6
0.68023 0.47850 0.27813 0.09646 0.00510 0.09472
0.01429 0.02647 0.43255 0.09405 0.10455 0.08800
0.30076 0.00328 0.20720 0.19497 0.09720 0.30785
0.00458 0.49172 0.07958 0.00000 0.00911 0.40869
0.00013 0.00003 0.00255 0.61451 0.00308 0.10074
0.00000 0.00000 0.00000 0.00000 0.78095 0.00000
