initial: 6
0.00000 0.14261 0.06607 0.20929 0.00000 0.58202

transition: 6
0.18646 0.35836 0.45511 0.00006 0.00000 0.00002
0.13947 0.34492 0.33171 0.07614 0.00000 0.10776
0.51973 0.01812 0.13626 0.32589 0.00000 0.00000
0.19971 0.00614 0.00261 0.59712 0.00000 0.19442
0.00006 0.10937 0.00000 0.00000 0.51428 0.37629
0.40157 0.00142 0.00000 0.00000 0.31646 0.28056

observation: 6
0.48242 0.64123 0.22648 0.10157 0.00752 0.09468
0.00589 0.04583 0.48152 0.09579 0.09902 0.09359
0.00011 0.25817 0.18508 0.19597 0.10551 0.30693
0.51158 0.05474 0.10539 0.00000 0.00983 0.40153
0.00001 0.00003 0.00153 0.60666 0.00220 0.10327
0.00000 0.00000 0.00000 0.00000 0.77593 0.00000
