initial: 6
0.49502 0.50498 0.00000 0.00000 0.00000 0.00000

transition: 6
0.27867 0.43811 0.01025 0.27058 0.00015 0.00224
0.00592 0.50459 0.19962 0.00017 0.00003 0.28966
0.00597 0.00145 0.21561 0.77355 0.00036 0.00306
0.00039 0.00584 0.00721 0.24982 0.53053 0.20621
0.00000 0.00000 0.00000 0.00000 0.50088 0.49912
0.71286 0.00016 0.10159 0.18539 0.00000 0.00000

observation: 6
0.00012 0.29785 0.00842 0.10144 0.29821 0.09735
0.08637 0.39851 0.00014 0.09959 0.00000 0.09959
0.41476 0.19864 0.48009 0.29586 0.30259 0.00000
0.49875 0.10499 0.49179 0.40360 0.00000 0.00000
0.00000 0.00000 0.01956 0.09950 0.00000 0.80306
0.00000 0.00000 0.00000 0.00000 0.39921 0.00000
