initial: 6
0.00001 0.14953 0.06117 0.20912 0.00000 0.58017

transition: 6
0.17725 0.40120 0.42141 0.00008 0.00001 0.00005
0.14674 0.36875 0.30271 0.08622 0.00000 0.09557
0.52765 0.02024 0.12035 0.33175 0.00000 0.00000
0.19870 0.00831 0.00329 0.59616 0.00001 0.19353
0.00019 0.11023 0.00000 0.00000 0.51721 0.37237
0.40203 0.00231 0.00000 0.00000 0.31973 0.27594

observation: 6
0.47792 0.62645 0.20649 0.10141 0.00882 0.09483
0.00669 0.05726 0.50333 0.09510 0.09866 0.09208
0.00020 0.24405 0.18455 0.19543 0.10683 0.30924
0.51517 0.07221 0.10345 0.00000 0.01164 0.40018
0.00003 0.00004 0.00218 0.60806 0.00246 0.10366
0.00000 0.00000 0.00000 0.00000 0.77158 0.00000
