initial: 6
0.77240 0.00000 0.05938 0.16821 0.00000 0.00000

transition: 6
0.30278 0.17982 0.37535 0.00737 0.00036 0.13432
0.22634 0.36912 0.37425 0.03018 0.00001 0.00011
0.03202 0.59009 0.00703 0.35603 0.00093 0.01391
0.02563 0.18271 0.02376 0.56252 0.00063 0.20475
0.10484 0.00052 0.00000 0.00000 0.54325 0.35140
0.06231 0.36887 0.00001 0.00000 0.32582 0.24299

observation: 6
0.68491 0.43578 0.23964 0.08019 0.01305 0.09093
0.01764 0.06816 0.49055 0.07385 0.10891 0.07382
0.28460 0.01239 0.23832 0.18564 0.11651 0.29567
0.01138 0.48280 0.01141 0.00001 0.01626 0.43795
0.00147 0.00087 0.02009 0.66031 0.00810 0.10151
0.00000 0.00000 0.00000 0.00000 0.73718 0.00012
