initial: 6
0.00135 0.16361 0.05657 0.20516 0.00000 0.57331

transition: 6
0.15706 0.51658 0.32358 0.00032 0.00056 0.00191
0.14115 0.44244 0.25727 0.09111 0.00000 0.06803
0.55556 0.03365 0.04810 0.36117 0.00066 0.00086
0.19298 0.01838 0.01166 0.58686 0.00043 0.18970
0.00387 0.10949 0.00000 0.00000 0.52999 0.35666
0.40033 0.01025 0.00000 0.00000 0.33498 0.25444

observation: 6
0.45817 0.57677 0.16802 0.09688 0.01323 0.09542
0.00877 0.09897 0.54596 0.09005 0.09901 0.08367
0.00275 0.20049 0.20524 0.19092 0.10999 0.32120
0.53011 0.12366 0.07054 0.00000 0.02044 0.39502
0.00021 0.00011 0.01024 0.62215 0.00441 0.10469
0.00000 0.00000 0.00000 0.00000 0.75293 0.00000
