initial: 6
0.48749 0.51251 0.00000 0.00000 0.00000 0.00000

transition: 6
0.26063 0.40366 0.02027 0.31169 0.00146 0.00229
0.01195 0.50300 0.20523 0.00101 0.00076 0.27804
0.01820 0.00551 0.20995 0.76014 0.00238 0.00382
0.00110 0.01221 0.01299 0.24087 0.53035 0.20249
0.00000 0.00000 0.00000 0.00000 0.50121 0.49879
0.79442 0.00035 0.02509 0.18013 0.00001 0.00000

observation: 6
0.00022 0.29732 0.01279 0.10149 0.29844 0.09655
0.07819 0.40163 0.00204 0.09854 0.00000 0.09865
0.42174 0.19710 0.46010 0.29544 0.30252 0.00000
0.49985 0.10396 0.47212 0.40446 0.00000 0.00000
0.00000 0.00000 0.05295 0.10007 0.00002 0.80480
0.00000 0.00000 0.00000 0.00000 0.39902 0.00000
