initial: 6
0.77223 0.00000 0.05303 0.17474 0.00000 0.00000

transition: 6
0.26975 0.14625 0.41342 0.02878 0.00000 0.14179
0.01878 0.38142 0.56261 0.03719 0.00000 0.00000
0.04350 0.58169 0.04620 0.32821 0.00000 0.00040
0.03080 0.17911 0.00051 0.57386 0.00042 0.21530
0.10778 0.00001 0.00000 0.00000 0.57822 0.31399
0.02719 0.43089 0.00042 0.00000 0.32461 0.21688

observation: 6
0.95553 0.43881 0.25577 0.07365 0.01752 0.09091
0.01611 0.04487 0.47781 0.09343 0.10957 0.07721
0.01705 0.03074 0.24147 0.83216 0.10828 0.32430
0.01131 0.48557 0.02495 0.00076 0.05781 0.41044
0.00000 0.00000 0.00000 0.00000 0.01860 0.09714
0.00000 0.00000 0.00000 0.00000 0.68822 0.00000
