initial: 6
0.48789 0.51211 0.00000 0.00000 0.00000 0.00000

transition: 6
0.26535 0.40721 0.01709 0.30724 0.00091 0.00220
0.00994 0.50439 0.20377 0.00066 0.00039 0.28086
0.01354 0.00405 0.21516 0.76218 0.00155 0.00352
0.00083 0.01018 0.01114 0.24198 0.53145 0.20441
0.00000 0.00000 0.00000 0.00000 0.50104 0.49896
0.78295 0.00029 0.03503 0.18174 0.00000 0.00000

observation: 6
0.00019 0.29712 0.01164 0.10190 0.29830 0.09686
0.07923 0.40077 0.00122 0.09889 0.00000 0.09899
0.42088 0.19753 0.46507 0.29557 0.30255 0.00000
0.49971 0.10459 0.47747 0.40384 0.00000 0.00000
0.00000 0.00000 0.04460 0.09980 0.00000 0.80415
0.00000 0.00000 0.00000 0.00000 0.39915 0.00000
