initial: 6
0.00000 0.11042 0.09149 0.21002 0.00000 0.58807

transition: 6
0.20286 0.22235 0.57478 0.00001 0.00000 0.00000
0.04652 0.29001 0.48096 0.00907 0.00000 0.17344
0.49747 0.00873 0.18651 0.30728 0.00000 0.00000
0.20044 0.00120 0.00140 0.59847 0.00000 0.19849
0.00000 0.10438 0.00000 0.00000 0.50518 0.39044
0.39878 0.00017 0.00000 0.00000 0.30584 0.29521

observation: 6
0.49289 0.68852 0.29384 0.10057 0.00134 0.09792
0.00303 0.00863 0.40939 0.09821 0.10194 0.09594
0.00001 0.29544 0.19770 0.19632 0.09997 0.30171
0.50407 0.00741 0.09867 0.00000 0.00517 0.40276
0.00000 0.00001 0.00039 0.60490 0.00205 0.10166
0.00000 0.00000 0.00000 0.00000 0.78954 0.00000
