initial: 6
0.00000 0.10937 0.09228 0.21005 0.00000 0.58831

transition: 6
0.20294 0.21931 0.57773 0.00001 0.00000 0.00000
0.04204 0.28924 0.48568 0.00728 0.00000 0.17577
0.49707 0.00837 0.18796 0.30660 0.00000 0.00000
0.20041 0.00107 0.00136 0.59850 0.00000 0.19866
0.00000 0.10409 0.00000 0.00000 0.50487 0.39104
0.39867 0.00014 0.00000 0.00000 0.30546 0.29572

observation: 6
0.49319 0.68999 0.29520 0.10054 0.00111 0.09816
0.00289 0.00758 0.40785 0.09833 0.10209 0.09595
0.00001 0.29605 0.19809 0.19632 0.09977 0.30164
0.50391 0.00638 0.09850 0.00000 0.00500 0.40267
0.00000 0.00000 0.00037 0.60481 0.00206 0.10158
0.00000 0.00000 0.00000 0.00000 0.78997 0.00000
