initial: 6
0.48761 0.51239 0.00000 0.00000 0.00000 0.00000

transition: 6
0.26313 0.40522 0.01858 0.30969 0.00115 0.00224
0.01086 0.50380 0.20446 0.00081 0.00054 0.27952
0.01561 0.00471 0.21309 0.76102 0.00191 0.00366
0.00095 0.01111 0.01200 0.24131 0.53103 0.20360
0.00000 0.00000 0.00000 0.00000 0.50111 0.49889
0.78896 0.00031 0.02970 0.18102 0.00001 0.00000

observation: 6
0.00020 0.29720 0.01216 0.10175 0.29836 0.09673
0.07867 0.40118 0.00158 0.09875 0.00000 0.09884
0.42134 0.19732 0.46270 0.29549 0.30254 0.00000
0.49978 0.10431 0.47499 0.40408 0.00000 0.00000
0.00000 0.00000 0.04857 0.09993 0.00001 0.80443
0.00000 0.00000 0.00000 0.00000 0.39910 0.00000
