initial: 6
0.50770 0.49230 0.00000 0.00000 0.00000 0.00000

transition: 6
0.29177 0.50788 0.00684 0.19295 0.00000 0.00056
0.00100 0.50179 0.19879 0.00000 0.00000 0.29843
0.00209 0.00023 0.20289 0.78870 0.00000 0.00609
0.00013 0.00129 0.00445 0.28087 0.51322 0.20003
0.00000 0.00000 0.00000 0.00000 0.50079 0.49921
0.59883 0.00000 0.20657 0.19460 0.00000 0.00000

observation: 6
0.00013 0.29983 0.00168 0.10015 0.29871 0.09834
0.09988 0.39659 0.00000 0.10146 0.00000 0.10061
0.40447 0.19995 0.48999 0.29582 0.30232 0.00000
0.49553 0.10363 0.50648 0.40262 0.00000 0.00000
0.00000 0.00000 0.00184 0.09994 0.00000 0.80105
0.00000 0.00000 0.00000 0.00000 0.39897 0.00000
