initial: 6
0.00000 0.10489 0.09544 0.21021 0.00000 0.58945

transition: 6
0.20287 0.20732 0.58981 0.00000 0.00000 0.00000
0.02058 0.28716 0.50541 0.00133 0.00000 0.18553
0.49583 0.00658 0.19424 0.30336 0.00000 0.00000
0.20035 0.00039 0.00116 0.59868 0.00000 0.19942
0.00000 0.10260 0.00000 0.00000 0.50331 0.39409
0.39805 0.00005 0.00000 0.00000 0.30365 0.29826

observation: 6
0.49464 0.69668 0.30039 0.10046 0.00016 0.09930
0.00212 0.00315 0.40172 0.09899 0.10279 0.09594
0.00000 0.29810 0.19961 0.19639 0.09884 0.30137
0.50324 0.00206 0.09806 0.00000 0.00397 0.40224
0.00000 0.00000 0.00022 0.60417 0.00208 0.10116
0.00000 0.00000 0.00000 0.00000 0.79216 0.00000
