initial: 6
0.00000 0.10638 0.09443 0.21014 0.00000 0.58905

transition: 6
0.20299 0.21113 0.58587 0.00000 0.00000 0.00000
0.02827 0.28758 0.49889 0.00294 0.00000 0.18233
0.49613 0.00724 0.19212 0.30451 0.00000 0.00000
0.20035 0.00064 0.00124 0.59860 0.00000 0.19916
0.00000 0.10316 0.00000 0.00000 0.50389 0.39296
0.39829 0.00008 0.00000 0.00000 0.30429 0.29734

observation: 6
0.49412 0.69436 0.29878 0.10046 0.00045 0.09891
0.00241 0.00461 0.40368 0.09873 0.10254 0.09595
0.00001 0.29754 0.19913 0.19635 0.09918 0.30144
0.50346 0.00349 0.09813 0.00000 0.00441 0.40238
0.00000 0.00000 0.00028 0.60445 0.00208 0.10132
0.00000 0.00000 0.00000 0.00000 0.79136 0.00000
