initial: 6
0.71961 0.00024 0.09219 0.18797 0.00000 0.00000

transition: 6
0.30852 0.00244 0.49145 0.00069 0.00000 0.19689
0.00073 0.20250 0.79420 0.00256 0.00000 0.00000
0.00070 0.50098 0.19964 0.29868 0.00000 0.00000
0.00011 0.20155 0.00001 0.59735 0.00000 0.20099
0.10489 0.00000 0.00000 0.00000 0.50047 0.39464
0.00013 0.39598 0.00000 0.00000 0.30099 0.30291

observation: 6
0.99559 0.49799 0.29756 0.09811 0.00091 0.09885
0.00225 0.00051 0.40118 0.09959 0.10432 0.09721
0.00217 0.00278 0.20034 0.80230 0.09121 0.30935
0.00000 0.49872 0.10091 0.00000 0.00649 0.39559
0.00000 0.00000 0.00001 0.00000 0.00276 0.09901
0.00000 0.00000 0.00000 0.00000 0.79431 0.00000
