initial: 6
0.72219 0.00000 0.09100 0.18680 0.00000 0.00000

transition: 6
0.30826 0.01163 0.48102 0.00229 0.00000 0.19680
0.00064 0.22204 0.76763 0.00968 0.00000 0.00000
0.00177 0.51269 0.18556 0.29998 0.00000 0.00000
0.00114 0.20258 0.00001 0.59498 0.00000 0.20129
0.10500 0.00000 0.00000 0.00000 0.50737 0.38763
0.00061 0.40028 0.00000 0.00000 0.30381 0.29530

observation: 6
0.99419 0.49551 0.29426 0.09592 0.00286 0.09785
0.00239 0.00347 0.40943 0.09904 0.10463 0.09579
0.00280 0.00582 0.20164 0.80503 0.09151 0.31130
0.00062 0.49520 0.09467 0.00001 0.01246 0.39586
0.00000 0.00000 0.00000 0.00000 0.00413 0.09920
0.00000 0.00000 0.00000 0.00000 0.78441 0.00000
