initial: 6
0.00000 0.13318 0.07331 0.20948 0.00000 0.58403

transition: 6
0.19480 0.30884 0.49632 0.00004 0.00000 0.00000
0.12075 0.32146 0.37445 0.05789 0.00000 0.12545
0.51116 0.01550 0.15334 0.32000 0.00000 0.00000
0.20042 0.00414 0.00210 0.59783 0.00000 0.19550
0.00001 0.10821 0.00000 0.00000 0.51116 0.38061
0.40074 0.00079 0.00000 0.00000 0.31298 0.28549

observation: 6
0.48641 0.65743 0.25133 0.10142 0.00578 0.09498
0.00507 0.03324 0.45498 0.09649 0.09964 0.09484
0.00005 0.27331 0.18814 0.19628 0.10381 0.30468
0.50846 0.03600 0.10451 0.00000 0.00810 0.40269
0.00001 0.00002 0.00104 0.60581 0.00202 0.10280
0.00000 0.00000 0.00000 0.00000 0.78064 0.00000
