initial: 6
0.50746 0.49254 0.00000 0.00000 0.00000 0.00000

transition: 6
0.29031 0.50065 0.00754 0.19969 0.00000 0.00182
0.00287 0.50107 0.19865 0.00003 0.00000 0.29737
0.00258 0.00048 0.20806 0.78455 0.00006 0.00427
0.00017 0.00259 0.00506 0.27095 0.51917 0.20206
0.00000 0.00000 0.00000 0.00000 0.50088 0.49912
0.60872 0.00004 0.19977 0.19147 0.00000 0.00000

observation: 6
0.00005 0.29990 0.00344 0.10050 0.29843 0.09801
0.09891 0.39674 0.00001 0.10134 0.00000 0.10042
0.40524 0.19977 0.48763 0.29543 0.30252 0.00000
0.49581 0.10360 0.50451 0.40280 0.00000 0.00000
0.00000 0.00000 0.00441 0.09992 0.00000 0.80157
0.00000 0.00000 0.00000 0.00000 0.39905 0.00000
