initial: 6
0.00000 0.12387 0.08078 0.20972 0.00000 0.58564

transition: 6
0.19963 0.26848 0.53187 0.00002 0.00000 0.00000
0.09487 0.30531 0.41829 0.03732 0.00000 0.14421
0.50452 0.01284 0.16768 0.31497 0.00000 0.00000
0.20064 0.00279 0.00178 0.59819 0.00000 0.19660
0.00000 0.10698 0.00000 0.00000 0.50865 0.38437
0.39995 0.00046 0.00000 0.00000 0.31008 0.28951

observation: 6
0.48924 0.67071 0.27175 0.10110 0.00404 0.09577
0.00434 0.02258 0.43335 0.09711 0.10043 0.09554
0.00003 0.28444 0.19210 0.19635 0.10225 0.30314
0.50638 0.02226 0.10207 0.00000 0.00684 0.40317
0.00000 0.00001 0.00073 0.60544 0.00198 0.10238
0.00000 0.00000 0.00000 0.00000 0.78446 0.00000
