initial: 6
0.72701 0.00134 0.08577 0.18589 0.00000 0.00000

transition: 6
0.29596 0.02567 0.49200 0.00325 0.00000 0.18312
0.20519 0.21005 0.58357 0.00118 0.00000 0.00001
0.00514 0.50358 0.18638 0.30455 0.00000 0.00034
0.00098 0.20299 0.00016 0.59646 0.00000 0.19942
0.10765 0.00000 0.00000 0.00000 0.50365 0.38870
0.00217 0.39457 0.00000 0.00000 0.30677 0.29650

observation: 6
0.69242 0.49408 0.29757 0.09942 0.00173 0.09681
0.00403 0.00500 0.40499 0.09811 0.10246 0.09617
0.30231 0.00094 0.20071 0.19564 0.09762 0.30329
0.00122 0.49998 0.09621 0.00000 0.00424 0.40415
0.00002 0.00000 0.00052 0.60684 0.00268 0.09959
0.00000 0.00000 0.00000 0.00000 0.79128 0.00000
