initial: 6
0.00001 0.14845 0.06190 0.20916 0.00000 0.58048

transition: 6
0.17887 0.39412 0.42689 0.00008 0.00001 0.00004
0.14603 0.36460 0.30705 0.08489 0.00000 0.09744
0.52629 0.01987 0.12314 0.33069 0.00000 0.00000
0.19889 0.00792 0.00315 0.59635 0.00001 0.19368
0.00016 0.11010 0.00000 0.00000 0.51671 0.37304
0.40198 0.00213 0.00000 0.00000 0.31916 0.27674

observation: 6
0.47875 0.62897 0.20964 0.10146 0.00862 0.09479
0.00655 0.05529 0.49986 0.09522 0.09871 0.09236
0.00018 0.24643 0.18448 0.19555 0.10662 0.30883
0.51450 0.06928 0.10397 0.00000 0.01132 0.40042
0.00002 0.00003 0.00205 0.60777 0.00240 0.10360
0.00000 0.00000 0.00000 0.00000 0.77233 0.00000
