initial: 6
0.71960 0.00051 0.09172 0.18818 0.00000 0.00000

transition: 6
0.30874 0.00138 0.49288 0.00032 0.00000 0.19668
0.00082 0.20100 0.79689 0.00130 0.00000 0.00000
0.00041 0.49968 0.20118 0.29873 0.00000 0.00000
0.00002 0.20164 0.00001 0.59768 0.00000 0.20066
0.10494 0.00000 0.00000 0.00000 0.49875 0.39631
0.00005 0.39499 0.00000 0.00000 0.30086 0.30410

observation: 6
0.99545 0.49843 0.29765 0.09824 0.00047 0.09893
0.00243 0.00017 0.40021 0.09970 0.10422 0.09740
0.00212 0.00218 0.20076 0.80206 0.09094 0.30905
0.00000 0.49919 0.10131 0.00000 0.00500 0.39572
0.00000 0.00003 0.00007 0.00000 0.00244 0.09890
0.00000 0.00000 0.00000 0.00000 0.79692 0.00000
