initial: 6
0.48952 0.51048 0.00000 0.00000 0.00000 0.00000

transition: 6
0.27070 0.41523 0.01379 0.29763 0.00047 0.00217
0.00800 0.50519 0.20202 0.00038 0.00015 0.28425
0.00960 0.00273 0.21736 0.76621 0.00088 0.00322
0.00061 0.00818 0.00924 0.24443 0.53179 0.20574
0.00000 0.00000 0.00000 0.00000 0.50092 0.49908
0.76229 0.00024 0.05425 0.18322 0.00000 0.00000

observation: 6
0.00016 0.29713 0.01048 0.10194 0.29822 0.09710
0.08121 0.39979 0.00057 0.09915 0.00000 0.09928
0.41918 0.19801 0.47114 0.29581 0.30255 0.00000
0.49946 0.10507 0.48329 0.40357 0.00000 0.00000
0.00000 0.00000 0.03452 0.09953 0.00000 0.80362
0.00000 0.00000 0.00000 0.00000 0.39923 0.00000
