initial: 6
0.50779 0.49221 0.00000 0.00000 0.00000 0.00000

transition: 6
0.29075 0.50386 0.00749 0.19628 0.00000 0.00163
0.00251 0.50109 0.19865 0.00002 0.00000 0.29773
0.00238 0.00043 0.20681 0.78575 0.00005 0.00458
0.00016 0.00231 0.00489 0.27354 0.51764 0.20146
0.00000 0.00000 0.00000 0.00000 0.50086 0.49914
0.60430 0.00003 0.20345 0.19222 0.00000 0.00000

observation: 6
0.00005 0.29993 0.00302 0.10043 0.29849 0.09808
0.09942 0.39665 0.00001 0.10143 0.00000 0.10048
0.40487 0.19984 0.48811 0.29549 0.30247 0.00000
0.49566 0.10358 0.50514 0.40272 0.00000 0.00000
0.00000 0.00000 0.00372 0.09993 0.00000 0.80144
0.00000 0.00000 0.00000 0.00000 0.39904 0.00000
