initial: 6
0.00000 0.11942 0.08439 0.20983 0.00000 0.58637

transition: 6
0.20112 0.25172 0.54714 0.00002 0.00000 0.00000
0.08037 0.29929 0.43933 0.02737 0.00000 0.15365
0.50185 0.01153 0.17405 0.31257 0.00000 0.00000
0.20062 0.00225 0.00165 0.59830 0.00000 0.19718
0.00000 0.10627 0.00000 0.00000 0.50753 0.38619
0.39959 0.00035 0.00000 0.00000 0.30875 0.29132

observation: 6
0.49044 0.67658 0.28001 0.10092 0.00319 0.09632
0.00398 0.01785 0.42453 0.09742 0.10087 0.09574
0.00002 0.28869 0.19403 0.19635 0.10151 0.30258
0.50556 0.01687 0.10081 0.00000 0.00631 0.40319
0.00000 0.00001 0.00062 0.60531 0.00199 0.10217
0.00000 0.00000 0.00000 0.00000 0.78613 0.00000
