initial: 6
0.00000 0.10349 0.09641 0.21030 0.00000 0.58980

transition: 6
0.20266 0.20375 0.59355 0.00000 0.00004 0.00000
0.01229 0.28717 0.51183 0.00027 0.00001 0.18843
0.49569 0.00584 0.19635 0.30212 0.00000 0.00000
0.20041 0.00013 0.00105 0.59879 0.00000 0.19962
0.00000 0.10200 0.00000 0.00000 0.50266 0.39535
0.39784 0.00001 0.00000 0.00000 0.30298 0.29917

observation: 6
0.49520 0.69905 0.30187 0.10047 0.00001 0.09951
0.00179 0.00176 0.39984 0.09928 0.10304 0.09592
0.00000 0.29846 0.20005 0.19644 0.09849 0.30139
0.50301 0.00073 0.09809 0.00000 0.00333 0.40218
0.00000 0.00000 0.00014 0.60381 0.00206 0.10100
0.00000 0.00000 0.00000 0.00000 0.79307 0.00000
