initial: 6
0.49794 0.50206 0.00000 0.00000 0.00000 0.00000

transition: 6
0.28167 0.45030 0.00934 0.25633 0.00010 0.00227
0.00531 0.50387 0.19905 0.00012 0.00002 0.29163
0.00505 0.00114 0.21435 0.77609 0.00026 0.00311
0.00033 0.00510 0.00666 0.25275 0.52926 0.20589
0.00000 0.00000 0.00000 0.00000 0.50090 0.49910
0.68949 0.00014 0.12402 0.18635 0.00000 0.00000

observation: 6
0.00010 0.29834 0.00745 0.10120 0.29822 0.09746
0.08901 0.39811 0.00007 0.09986 0.00000 0.09973
0.41259 0.19885 0.48270 0.29575 0.30262 0.00000
0.49830 0.10470 0.49486 0.40358 0.00000 0.00000
0.00000 0.00000 0.01493 0.09960 0.00000 0.80281
0.00000 0.00000 0.00000 0.00000 0.39916 0.00000
