initial: 6
0.73286 0.00000 0.08340 0.18374 0.00000 0.00000

transition: 6
0.30856 0.03876 0.45202 0.00538 0.00000 0.19528
0.00131 0.28130 0.69426 0.02313 0.00000 0.00000
0.00460 0.54110 0.14806 0.30622 0.00000 0.00001
0.00444 0.20405 0.00004 0.58905 0.00003 0.20239
0.10574 0.00000 0.00000 0.00000 0.52129 0.37297
0.00232 0.40837 0.00000 0.00000 0.31013 0.27918

observation: 6
0.98688 0.48917 0.28154 0.09003 0.00639 0.09573
0.00442 0.01190 0.43331 0.09763 0.10543 0.09234
0.00503 0.01195 0.21193 0.81229 0.09311 0.31490
0.00368 0.48698 0.07322 0.00006 0.02352 0.39733
0.00000 0.00000 0.00000 0.00000 0.00692 0.09969
0.00000 0.00000 0.00000 0.00000 0.76463 0.00000
