initial: 6
0.50643 0.49357 0.00000 0.00000 0.00000 0.00000

transition: 6
0.28929 0.49303 0.00767 0.20796 0.00001 0.00204
0.00343 0.50129 0.19864 0.00004 0.00000 0.29660
0.00296 0.00056 0.20980 0.78272 0.00009 0.00386
0.00020 0.00305 0.00535 0.26668 0.52166 0.20306
0.00000 0.00000 0.00000 0.00000 0.50091 0.49909
0.61950 0.00006 0.19017 0.19027 0.00000 0.00000

observation: 6
0.00006 0.29976 0.00418 0.10062 0.29836 0.09789
0.09757 0.39696 0.00001 0.10110 0.00000 0.10030
0.40617 0.19960 0.48693 0.29540 0.30258 0.00000
0.49620 0.10368 0.50315 0.40299 0.00000 0.00000
0.00000 0.00000 0.00573 0.09989 0.00000 0.80181
0.00000 0.00000 0.00000 0.00000 0.39906 0.00000
