initial: 6
0.72332 0.00000 0.09023 0.18645 0.00000 0.00000

transition: 6
0.30833 0.01476 0.47753 0.00266 0.00000 0.19671
0.00069 0.22926 0.75842 0.01163 0.00000 0.00000
0.00206 0.51646 0.18077 0.30070 0.00000 0.00000
0.00149 0.20290 0.00002 0.59424 0.00000 0.20135
0.10507 0.00000 0.00000 0.00000 0.50910 0.38584
0.00077 0.40133 0.00000 0.00000 0.30460 0.29330

observation: 6
0.99347 0.49480 0.29282 0.09521 0.00335 0.09755
0.00256 0.00446 0.41233 0.09889 0.10471 0.09537
0.00303 0.00663 0.20261 0.80589 0.09158 0.31182
0.00094 0.49411 0.09224 0.00001 0.01393 0.39597
0.00000 0.00000 0.00000 0.00000 0.00447 0.09928
0.00000 0.00000 0.00000 0.00000 0.78197 0.00000
