initial: 6
0.00000 0.13567 0.07135 0.20943 0.00000 0.58355

transition: 6
0.19300 0.32103 0.48593 0.00004 0.00000 0.00001
0.12654 0.32684 0.36290 0.06308 0.00000 0.12064
0.51322 0.01620 0.14914 0.32143 0.00000 0.00000
0.20029 0.00459 0.00220 0.59769 0.00000 0.19522
0.00002 0.10852 0.00000 0.00000 0.51192 0.37954
0.40096 0.00092 0.00000 0.00000 0.31382 0.28430

observation: 6
0.48551 0.65348 0.24513 0.10148 0.00624 0.09486
0.00527 0.03635 0.46156 0.09632 0.09946 0.09457
0.00006 0.26973 0.18718 0.19623 0.10425 0.30520
0.50915 0.04043 0.10498 0.00000 0.00850 0.40245
0.00001 0.00002 0.00114 0.60597 0.00206 0.10292
0.00000 0.00000 0.00000 0.00000 0.77950 0.00000
