initial: 6
0.72543 0.00000 0.08875 0.18582 0.00000 0.00000

transition: 6
0.30849 0.02038 0.47133 0.00328 0.00000 0.19651
0.00080 0.24214 0.74225 0.01481 0.00000 0.00000
0.00259 0.52289 0.17248 0.30204 0.00000 0.00000
0.00213 0.20338 0.00002 0.59295 0.00001 0.20150
0.10521 0.00000 0.00000 0.00000 0.51202 0.38278
0.00107 0.40306 0.00000 0.00000 0.30596 0.28990

observation: 6
0.99208 0.49356 0.29016 0.09397 0.00414 0.09707
0.00290 0.00621 0.41747 0.09862 0.10486 0.09465
0.00346 0.00798 0.20459 0.80739 0.09177 0.31268
0.00156 0.49226 0.08778 0.00002 0.01636 0.39620
0.00000 0.00000 0.00000 0.00000 0.00504 0.09941
0.00000 0.00000 0.00000 0.00000 0.77783 0.00000
