initial: 6
0.77393 0.00000 0.05211 0.17396 0.00000 0.00000

transition: 6
0.26474 0.15432 0.41367 0.03125 0.00001 0.13601
0.02195 0.38338 0.55744 0.03723 0.00000 0.00000
0.04853 0.58081 0.04101 0.32916 0.00000 0.00049
0.03363 0.17508 0.00059 0.57302 0.00050 0.21719
0.10771 0.00001 0.00000 0.00000 0.58255 0.30972
0.03055 0.43187 0.00055 0.00000 0.32484 0.21218

observation: 6
0.95408 0.43334 0.25437 0.07277 0.01832 0.09082
0.01646 0.04693 0.47963 0.09313 0.10977 0.07624
0.01791 0.03214 0.24286 0.83323 0.10952 0.32485
0.01155 0.48759 0.02315 0.00086 0.06015 0.41142
0.00000 0.00000 0.00000 0.00000 0.01948 0.09667
0.00000 0.00000 0.00000 0.00000 0.68275 0.00000
