initial: 6
0.00000 0.10452 0.09570 0.21023 0.00000 0.58955

transition: 6
0.20283 0.20638 0.59079 0.00000 0.00000 0.00000
0.01851 0.28712 0.50706 0.00100 0.00000 0.18632
0.49577 0.00640 0.19478 0.30305 0.00000 0.00000
0.20035 0.00033 0.00113 0.59871 0.00000 0.19948
0.00000 0.10245 0.00000 0.00000 0.50315 0.39441
0.39799 0.00004 0.00000 0.00000 0.30347 0.29850

observation: 6
0.49478 0.69728 0.30079 0.10046 0.00011 0.09938
0.00203 0.00279 0.40123 0.09906 0.10285 0.09593
0.00000 0.29822 0.19973 0.19640 0.09875 0.30136
0.50318 0.00170 0.09806 0.00000 0.00383 0.40221
0.00000 0.00000 0.00020 0.60408 0.00207 0.10111
0.00000 0.00000 0.00000 0.00000 0.79239 0.00000
