initial: 6
0.71980 0.00007 0.09238 0.18774 0.00000 0.00000

transition: 6
0.30836 0.00372 0.48997 0.00103 0.00000 0.19692
0.00064 0.20483 0.79074 0.00379 0.00000 0.00000
0.00091 0.50263 0.19778 0.29868 0.00000 0.00000
0.00024 0.20167 0.00001 0.59698 0.00000 0.20109
0.10488 0.00000 0.00000 0.00000 0.50187 0.39325
0.00020 0.39685 0.00000 0.00000 0.30147 0.30148

observation: 6
0.99556 0.49756 0.29730 0.09780 0.00128 0.09871
0.00218 0.00092 0.40227 0.09948 0.10438 0.09698
0.00224 0.00334 0.20022 0.80272 0.09133 0.30968
0.00002 0.49818 0.10021 0.00000 0.00770 0.39561
0.00000 0.00000 0.00000 0.00000 0.00305 0.09902
0.00000 0.00000 0.00000 0.00000 0.79226 0.00000
