initial: 6
0.72082 0.00285 0.08925 0.18708 0.00000 0.00000

transition: 6
0.29553 0.01412 0.50121 0.00137 0.00000 0.18777
0.20122 0.20357 0.59494 0.00023 0.00003 0.00001
0.00369 0.49818 0.19658 0.30139 0.00000 0.00016
0.00033 0.20212 0.00016 0.59734 0.00000 0.20005
0.10737 0.00000 0.00000 0.00000 0.50184 0.39079
0.00090 0.39441 0.00000 0.00000 0.30492 0.29976

observation: 6
0.69480 0.49674 0.30097 0.09996 0.00060 0.09776
0.00223 0.00197 0.40038 0.09903 0.10259 0.09705
0.30289 0.00043 0.20030 0.19595 0.09785 0.30219
0.00008 0.50085 0.09811 0.00000 0.00250 0.40386
0.00000 0.00000 0.00024 0.60505 0.00290 0.09914
0.00000 0.00000 0.00000 0.00000 0.79356 0.00000
