initial: 6
0.71960 0.00052 0.09170 0.18818 0.00000 0.00000

transition: 6
0.30876 0.00132 0.49296 0.00029 0.00000 0.19667
0.00082 0.20091 0.79704 0.00122 0.00000 0.00000
0.00039 0.49961 0.20125 0.29875 0.00000 0.00000
0.00002 0.20165 0.00001 0.59770 0.00000 0.20063
0.10494 0.00000 0.00000 0.00000 0.49864 0.39642
0.00005 0.39492 0.00000 0.00000 0.30085 0.30418

observation: 6
0.99544 0.49845 0.29765 0.09826 0.00045 0.09893
0.00244 0.00015 0.40016 0.09971 0.10421 0.09740
0.00212 0.00214 0.20079 0.80203 0.09092 0.30903
0.00000 0.49921 0.10133 0.00000 0.00489 0.39574
0.00000 0.00004 0.00006 0.00000 0.00242 0.09889
0.00000 0.00000 0.00000 0.00000 0.79710 0.00000
