initial: 6
0.71857 0.00260 0.09137 0.18747 0.00000 0.00000

transition: 6
0.29578 0.00915 0.50535 0.00055 0.00000 0.18917
0.19933 0.20168 0.59865 0.00002 0.00031 0.00001
0.00284 0.49667 0.20030 0.30014 0.00000 0.00005
0.00006 0.20208 0.00032 0.59756 0.00000 0.19997
0.10739 0.00000 0.00000 0.00000 0.50066 0.39196
0.00033 0.39463 0.00000 0.00000 0.30419 0.30085

observation: 6
0.69570 0.49791 0.30214 0.10014 0.00011 0.09750
0.00140 0.00086 0.39870 0.09932 0.10274 0.09739
0.30290 0.00021 0.20037 0.19616 0.09777 0.30224
0.00000 0.50102 0.09867 0.00000 0.00130 0.40377
0.00000 0.00000 0.00012 0.60438 0.00292 0.09910
0.00000 0.00000 0.00000 0.00000 0.79516 0.00000
