initial: 6
0.48878 0.51122 0.00000 0.00000 0.00000 0.00000

transition: 6
0.24785 0.40196 0.02836 0.31556 0.00353 0.00274
0.01837 0.49688 0.20955 0.00251 0.00298 0.26972
0.03559 0.01077 0.18339 0.75964 0.00591 0.00471
0.00208 0.01883 0.01780 0.24361 0.52390 0.19378
0.00000 0.00003 0.00000 0.00000 0.50197 0.49801
0.81177 0.00054 0.01367 0.17384 0.00018 0.00000

observation: 6
0.00042 0.29821 0.01783 0.09799 0.29939 0.09526
0.07681 0.40380 0.00571 0.09652 0.00004 0.09739
0.42283 0.19607 0.44551 0.29609 0.30221 0.00000
0.49993 0.10191 0.45367 0.40874 0.00000 0.00000
0.00000 0.00001 0.07728 0.10066 0.00015 0.80735
0.00000 0.00000 0.00000 0.00000 0.39822 0.00000
