initial: 6
0.71960 0.00039 0.09194 0.18807 0.00000 0.00000

transition: 6
0.30862 0.00187 0.49230 0.00051 0.00000 0.19671
0.00077 0.20172 0.79559 0.00191 0.00000 0.00000
0.00056 0.50030 0.20051 0.29863 0.00000 0.00000
0.00005 0.20166 0.00001 0.59751 0.00000 0.20076
0.10492 0.00000 0.00000 0.00000 0.49960 0.39548
0.00009 0.39551 0.00000 0.00000 0.30109 0.30332

observation: 6
0.99552 0.49822 0.29761 0.09810 0.00069 0.09888
0.00234 0.00032 0.40064 0.09964 0.10426 0.09732
0.00214 0.00248 0.20057 0.80225 0.09106 0.30922
0.00000 0.49898 0.10111 0.00000 0.00577 0.39565
0.00000 0.00000 0.00008 0.00000 0.00261 0.09892
0.00000 0.00000 0.00000 0.00000 0.79562 0.00000
