initial: 6
0.50788 0.49212 0.00000 0.00000 0.00000 0.00000

transition: 6
0.29144 0.50730 0.00726 0.19301 0.00000 0.00099
0.00156 0.50147 0.19869 0.00000 0.00000 0.29826
0.00207 0.00031 0.20397 0.78814 0.00001 0.00550
0.00013 0.00166 0.00454 0.27883 0.51446 0.20038
0.00000 0.00000 0.00000 0.00000 0.50081 0.49919
0.59959 0.00001 0.20652 0.19388 0.00000 0.00000

observation: 6
0.00007 0.29989 0.00212 0.10024 0.29863 0.09825
0.09986 0.39660 0.00000 0.10148 0.00000 0.10058
0.40452 0.19992 0.48937 0.29570 0.30237 0.00000
0.49555 0.10359 0.50611 0.40263 0.00000 0.00000
0.00000 0.00000 0.00240 0.09994 0.00000 0.80117
0.00000 0.00000 0.00000 0.00000 0.39900 0.00000
