initial: 6
0.72077 0.00285 0.08929 0.18709 0.00000 0.00000

transition: 6
0.29553 0.01402 0.50128 0.00136 0.00000 0.18781
0.20119 0.20352 0.59502 0.00023 0.00003 0.00001
0.00368 0.49814 0.19665 0.30137 0.00000 0.00016
0.00032 0.20212 0.00016 0.59735 0.00000 0.20006
0.10737 0.00000 0.00000 0.00000 0.50182 0.39081
0.00089 0.39441 0.00000 0.00000 0.30491 0.29979

observation: 6
0.69481 0.49676 0.30100 0.09997 0.00059 0.09777
0.00221 0.00195 0.40034 0.09904 0.10259 0.09706
0.30289 0.00043 0.20029 0.19596 0.09785 0.30218
0.00008 0.50086 0.09813 0.00000 0.00248 0.40385
0.00000 0.00000 0.00024 0.60504 0.00290 0.09914
0.00000 0.00000 0.00000 0.00000 0.79359 0.00000
