initial: 6
0.00000 0.10525 0.09520 0.21019 0.00000 0.58936

transition: 6
0.20291 0.20824 0.58885 0.00000 0.00000 0.00000
0.02254 0.28723 0.50381 0.00168 0.00000 0.18475
0.49589 0.00675 0.19371 0.30365 0.00000 0.00000
0.20035 0.00046 0.00118 0.59866 0.00000 0.19936
0.00000 0.10274 0.00000 0.00000 0.50346 0.39380
0.39811 0.00006 0.00000 0.00000 0.30381 0.29802

observation: 6
0.49451 0.69610 0.30001 0.10046 0.00022 0.09921
0.00219 0.00351 0.40219 0.09892 0.10272 0.09594
0.00000 0.29798 0.19950 0.19638 0.09893 0.30139
0.50329 0.00241 0.09807 0.00000 0.00409 0.40227
0.00000 0.00000 0.00023 0.60425 0.00208 0.10120
0.00000 0.00000 0.00000 0.00000 0.79196 0.00000
