initial: 6
0.49531 0.50469 0.00000 0.00000 0.00000 0.00000

transition: 6
0.27898 0.43928 0.01015 0.26920 0.00015 0.00224
0.00586 0.50453 0.19955 0.00016 0.00003 0.28987
0.00587 0.00141 0.21548 0.77382 0.00035 0.00307
0.00038 0.00576 0.00714 0.25009 0.53043 0.20619
0.00000 0.00000 0.00000 0.00000 0.50088 0.49912
0.71052 0.00016 0.10383 0.18548 0.00000 0.00000

observation: 6
0.00011 0.29790 0.00832 0.10142 0.29821 0.09736
0.08663 0.39847 0.00013 0.09962 0.00000 0.09961
0.41454 0.19866 0.48039 0.29585 0.30259 0.00000
0.49871 0.10497 0.49212 0.40360 0.00000 0.00000
0.00000 0.00000 0.01904 0.09951 0.00000 0.80303
0.00000 0.00000 0.00000 0.00000 0.39920 0.00000
