initial: 6
0.00000 0.10351 0.09640 0.21030 0.00000 0.58979

transition: 6
0.20266 0.20379 0.59351 0.00000 0.00004 0.00000
0.01240 0.28717 0.51174 0.00028 0.00001 0.18840
0.49569 0.00585 0.19632 0.30214 0.00000 0.00000
0.20040 0.00014 0.00105 0.59879 0.00000 0.19962
0.00000 0.10201 0.00000 0.00000 0.50266 0.39533
0.39784 0.00001 0.00000 0.00000 0.30298 0.29916

observation: 6
0.49519 0.69902 0.30185 0.10047 0.00001 0.09952
0.00179 0.00177 0.39987 0.09927 0.10304 0.09592
0.00000 0.29846 0.20005 0.19644 0.09849 0.30138
0.50302 0.00075 0.09809 0.00000 0.00334 0.40218
0.00000 0.00000 0.00014 0.60381 0.00206 0.10101
0.00000 0.00000 0.00000 0.00000 0.79306 0.00000
