initial: 6
0.72941 0.00000 0.08591 0.18468 0.00000 0.00000

transition: 6
0.30864 0.03048 0.46050 0.00439 0.00000 0.19598
0.00105 0.26435 0.71487 0.01973 0.00000 0.00000
0.00362 0.53338 0.15861 0.30439 0.00000 0.00001
0.00335 0.20392 0.00003 0.59076 0.00002 0.20192
0.10549 0.00000 0.00000 0.00000 0.51709 0.37742
0.00170 0.40600 0.00000 0.00000 0.30829 0.28401

observation: 6
0.98934 0.49124 0.28535 0.09179 0.00542 0.09630
0.00365 0.00932 0.42640 0.09810 0.10516 0.09339
0.00429 0.01021 0.20853 0.81008 0.09237 0.31398
0.00272 0.48922 0.07972 0.00004 0.02038 0.39674
0.00000 0.00000 0.00000 0.00000 0.00606 0.09959
0.00000 0.00000 0.00000 0.00000 0.77061 0.00000
