initial: 6
0.50730 0.49270 0.00000 0.00000 0.00000 0.00000

transition: 6
0.29014 0.49935 0.00755 0.20109 0.00001 0.00187
0.00299 0.50109 0.19865 0.00003 0.00000 0.29724
0.00265 0.00049 0.20844 0.78417 0.00007 0.00418
0.00018 0.00268 0.00512 0.27009 0.51967 0.20226
0.00000 0.00000 0.00000 0.00000 0.50089 0.49911
0.61053 0.00004 0.19820 0.19123 0.00000 0.00000

observation: 6
0.00005 0.29988 0.00358 0.10053 0.29841 0.09799
0.09869 0.39678 0.00001 0.10130 0.00000 0.10040
0.40539 0.19973 0.48748 0.29542 0.30253 0.00000
0.49587 0.10361 0.50427 0.40284 0.00000 0.00000
0.00000 0.00000 0.00465 0.09992 0.00000 0.80162
0.00000 0.00000 0.00000 0.00000 0.39905 0.00000
