initial: 6
0.72773 0.00107 0.08547 0.18574 0.00000 0.00000

transition: 6
0.29605 0.02691 0.49099 0.00345 0.00000 0.18261
0.20562 0.21090 0.58216 0.00131 0.00000 0.00001
0.00528 0.50430 0.18511 0.30496 0.00000 0.00035
0.00104 0.20310 0.00016 0.59636 0.00000 0.19934
0.10767 0.00000 0.00000 0.00000 0.50382 0.38851
0.00230 0.39457 0.00000 0.00000 0.30697 0.29615

observation: 6
0.69214 0.49379 0.29715 0.09935 0.00184 0.09671
0.00425 0.00536 0.40555 0.09800 0.10245 0.09605
0.30223 0.00099 0.20079 0.19562 0.09757 0.30343
0.00136 0.49985 0.09595 0.00000 0.00440 0.40419
0.00002 0.00000 0.00055 0.60703 0.00266 0.09962
0.00000 0.00000 0.00000 0.00000 0.79108 0.00000
