initial: 6
0.00012 0.15904 0.05562 0.20826 0.00000 0.57695

transition: 6
0.16162 0.46980 0.36797 0.00016 0.00008 0.00038
0.14603 0.41179 0.26973 0.09283 0.00000 0.07961
0.54264 0.02551 0.08569 0.34598 0.00010 0.00008
0.19626 0.01297 0.00569 0.59327 0.00009 0.19173
0.00101 0.11101 0.00000 0.00000 0.52304 0.36495
0.40180 0.00514 0.00000 0.00000 0.32642 0.26663

observation: 6
0.46765 0.59965 0.18067 0.10011 0.01095 0.09554
0.00816 0.07955 0.53199 0.09350 0.09839 0.08836
0.00071 0.22017 0.19011 0.19368 0.10866 0.31432
0.52341 0.10057 0.09272 0.00000 0.01561 0.39750
0.00007 0.00006 0.00451 0.61271 0.00320 0.10428
0.00000 0.00000 0.00000 0.00000 0.76318 0.00000
