initial: 6
0.76373 0.00000 0.05798 0.17829 0.00000 0.00000

transition: 6
0.29965 0.11988 0.41929 0.00837 0.00001 0.15280
0.22307 0.31732 0.43882 0.02075 0.00000 0.00004
0.01899 0.58684 0.03574 0.35408 0.00025 0.00411
0.01068 0.20536 0.00325 0.58395 0.00013 0.19662
0.10679 0.00006 0.00000 0.00000 0.52359 0.36956
0.02382 0.39174 0.00000 0.00000 0.32007 0.26437

observation: 6
0.67314 0.46292 0.26017 0.09063 0.00787 0.09436
0.01941 0.04929 0.45993 0.09122 0.10757 0.07950
0.29946 0.00604 0.22063 0.19335 0.10231 0.30670
0.00755 0.48159 0.05193 0.00000 0.01291 0.41812
0.00044 0.00016 0.00734 0.62480 0.00466 0.10131
0.00000 0.00000 0.00000 0.00000 0.76467 0.00000
