initial: 6
0.48900 0.51100 0.00000 0.00000 0.00000 0.00000

transition: 6
0.26945 0.41287 0.01451 0.30044 0.00056 0.00217
0.00842 0.50509 0.20243 0.00044 0.00019 0.28343
0.01040 0.00301 0.21717 0.76514 0.00101 0.00328
0.00065 0.00862 0.00965 0.24377 0.53179 0.20551
0.00000 0.00000 0.00000 0.00000 0.50094 0.49906
0.76804 0.00025 0.04882 0.18290 0.00000 0.00000

observation: 6
0.00016 0.29710 0.01075 0.10196 0.29823 0.09705
0.08065 0.40001 0.00070 0.09909 0.00000 0.09922
0.41966 0.19790 0.46967 0.29576 0.30255 0.00000
0.49953 0.10499 0.48193 0.40360 0.00000 0.00000
0.00000 0.00000 0.03695 0.09958 0.00000 0.80373
0.00000 0.00000 0.00000 0.00000 0.39922 0.00000
