initial: 6
0.71882 0.00264 0.09111 0.18743 0.00000 0.00000

transition: 6
0.29574 0.00966 0.50492 0.00064 0.00000 0.18904
0.19955 0.20184 0.59830 0.00004 0.00027 0.00001
0.00294 0.49681 0.19990 0.30028 0.00000 0.00006
0.00009 0.20208 0.00027 0.59756 0.00000 0.20000
0.10738 0.00000 0.00000 0.00000 0.50081 0.39181
0.00039 0.39462 0.00000 0.00000 0.30426 0.30074

observation: 6
0.69559 0.49778 0.30203 0.10013 0.00016 0.09756
0.00150 0.00098 0.39886 0.09930 0.10271 0.09736
0.30290 0.00023 0.20035 0.19614 0.09779 0.30222
0.00000 0.50101 0.09863 0.00000 0.00146 0.40377
0.00000 0.00000 0.00013 0.60444 0.00293 0.09909
0.00000 0.00000 0.00000 0.00000 0.79495 0.00000
