initial: 6
0.77352 0.00000 0.05232 0.17416 0.00000 0.00000

transition: 6
0.26600 0.15229 0.41363 0.03062 0.00001 0.13745
0.02112 0.38292 0.55873 0.03723 0.00000 0.00000
0.04724 0.58107 0.04228 0.32894 0.00000 0.00047
0.03291 0.17612 0.00057 0.57323 0.00048 0.21669
0.10773 0.00001 0.00000 0.00000 0.58145 0.31080
0.02968 0.43162 0.00052 0.00000 0.32479 0.21338

observation: 6
0.95443 0.43473 0.25474 0.07300 0.01812 0.09084
0.01638 0.04642 0.47917 0.09321 0.10972 0.07648
0.01770 0.03178 0.24251 0.83296 0.10921 0.32472
0.01149 0.48707 0.02359 0.00083 0.05956 0.41117
0.00000 0.00000 0.00000 0.00000 0.01926 0.09679
0.00000 0.00000 0.00000 0.00000 0.68413 0.00000
