initial: 6
0.50137 0.49863 0.00000 0.00000 0.00000 0.00000

transition: 6
0.28485 0.46565 0.00854 0.23864 0.00005 0.00227
0.00466 0.50287 0.19871 0.00008 0.00001 0.29366
0.00418 0.00088 0.21291 0.77859 0.00018 0.00326
0.00028 0.00433 0.00615 0.25688 0.52717 0.20519
0.00000 0.00000 0.00000 0.00000 0.50093 0.49907
0.66237 0.00011 0.14995 0.18757 0.00000 0.00000

observation: 6
0.00008 0.29893 0.00627 0.10096 0.29825 0.09760
0.09223 0.39768 0.00004 0.10026 0.00000 0.09992
0.41007 0.19910 0.48479 0.29559 0.30264 0.00000
0.49762 0.10429 0.49812 0.40347 0.00000 0.00000
0.00000 0.00000 0.01078 0.09973 0.00000 0.80248
0.00000 0.00000 0.00000 0.00000 0.39911 0.00000
