initial: 6
0.00000 0.10798 0.09329 0.21008 0.00000 0.58864

transition: 6
0.20300 0.21544 0.58156 0.00000 0.00000 0.00000
0.03587 0.28835 0.49184 0.00511 0.00000 0.17882
0.49659 0.00787 0.18988 0.30566 0.00000 0.00000
0.20038 0.00088 0.00131 0.59854 0.00000 0.19889
0.00000 0.10368 0.00000 0.00000 0.50444 0.39188
0.39851 0.00012 0.00000 0.00000 0.30494 0.29644

observation: 6
0.49361 0.69197 0.29691 0.10050 0.00080 0.09850
0.00269 0.00619 0.40588 0.09851 0.10229 0.09596
0.00001 0.29679 0.19859 0.19633 0.09950 0.30154
0.50370 0.00504 0.09830 0.00000 0.00476 0.40254
0.00000 0.00000 0.00033 0.60467 0.00207 0.10146
0.00000 0.00000 0.00000 0.00000 0.79059 0.00000
