initial: 6
0.00018 0.16013 0.05523 0.20800 0.00000 0.57646

transition: 6
0.15999 0.47858 0.36065 0.00018 0.00011 0.00050
0.14521 0.41746 0.26671 0.09293 0.00000 0.07769
0.54493 0.02659 0.07972 0.34851 0.00014 0.00012
0.19584 0.01372 0.00627 0.59263 0.00011 0.19142
0.00126 0.11097 0.00000 0.00000 0.52401 0.36377
0.40166 0.00574 0.00000 0.00000 0.32757 0.26503

observation: 6
0.46606 0.59579 0.17804 0.09978 0.01128 0.09562
0.00831 0.08293 0.53488 0.09319 0.09841 0.08771
0.00087 0.21693 0.19177 0.19333 0.10889 0.31522
0.52467 0.10430 0.09023 0.00000 0.01628 0.39711
0.00009 0.00007 0.00508 0.61371 0.00335 0.10435
0.00000 0.00000 0.00000 0.00000 0.76178 0.00000
