initial: 6
0.76553 0.00000 0.05711 0.17736 0.00000 0.00000

transition: 6
0.29924 0.12830 0.41287 0.00830 0.00002 0.15127
0.22244 0.32729 0.42717 0.02306 0.00000 0.00005
0.02073 0.59034 0.02803 0.35570 0.00031 0.00489
0.01237 0.20357 0.00439 0.58214 0.00017 0.19736
0.10658 0.00009 0.00000 0.00000 0.52601 0.36732
0.02748 0.39042 0.00000 0.00000 0.32082 0.26128

observation: 6
0.67327 0.46018 0.25727 0.08912 0.00843 0.09424
0.01948 0.05206 0.46511 0.09041 0.10800 0.07837
0.29852 0.00662 0.22363 0.19279 0.10379 0.30579
0.00820 0.48093 0.04524 0.00000 0.01348 0.42025
0.00054 0.00021 0.00875 0.62769 0.00503 0.10135
0.00000 0.00000 0.00000 0.00000 0.76127 0.00001
