initial: 6
0.48855 0.51145 0.00000 0.00000 0.00000 0.00000

transition: 6
0.26815 0.41075 0.01530 0.30297 0.00065 0.00218
0.00887 0.50492 0.20286 0.00050 0.00024 0.28260
0.01131 0.00332 0.21677 0.76410 0.00116 0.00335
0.00071 0.00909 0.01011 0.24314 0.53174 0.20522
0.00000 0.00000 0.00000 0.00000 0.50097 0.49903
0.77338 0.00026 0.04381 0.18254 0.00000 0.00000

observation: 6
0.00017 0.29709 0.01103 0.10197 0.29825 0.09700
0.08013 0.40025 0.00084 0.09903 0.00000 0.09915
0.42011 0.19778 0.46817 0.29570 0.30255 0.00000
0.49959 0.10488 0.48052 0.40365 0.00000 0.00000
0.00000 0.00000 0.03943 0.09964 0.00000 0.80385
0.00000 0.00000 0.00000 0.00000 0.39920 0.00000
