initial: 6
0.71959 0.00052 0.09169 0.18820 0.00000 0.00000

transition: 6
0.30878 0.00122 0.49309 0.00025 0.00000 0.19666
0.00084 0.20078 0.79729 0.00109 0.00000 0.00000
0.00035 0.49950 0.20138 0.29877 0.00000 0.00000
0.00001 0.20166 0.00001 0.59774 0.00000 0.20058
0.10494 0.00000 0.00000 0.00000 0.49845 0.39660
0.00004 0.39480 0.00000 0.00000 0.30082 0.30434

observation: 6
0.99543 0.49849 0.29766 0.09828 0.00040 0.09894
0.00246 0.00012 0.40008 0.09972 0.10421 0.09740
0.00211 0.00208 0.20084 0.80200 0.09089 0.30900
0.00000 0.49925 0.10137 0.00000 0.00471 0.39578
0.00000 0.00006 0.00005 0.00000 0.00238 0.09888
0.00000 0.00000 0.00000 0.00000 0.79741 0.00000
