initial: 6
0.50786 0.49214 0.00000 0.00000 0.00000 0.00000

transition: 6
0.29088 0.50470 0.00748 0.19540 0.00000 0.00155
0.00237 0.50112 0.19866 0.00002 0.00000 0.29784
0.00232 0.00041 0.20636 0.78617 0.00004 0.00470
0.00015 0.00221 0.00483 0.27442 0.51712 0.20127
0.00000 0.00000 0.00000 0.00000 0.50085 0.49915
0.60315 0.00003 0.20434 0.19248 0.00000 0.00000

observation: 6
0.00005 0.29993 0.00287 0.10040 0.29851 0.09811
0.09955 0.39663 0.00001 0.10145 0.00000 0.10050
0.40478 0.19986 0.48829 0.29552 0.30246 0.00000
0.49562 0.10358 0.50533 0.40270 0.00000 0.00000
0.00000 0.00000 0.00350 0.09993 0.00000 0.80139
0.00000 0.00000 0.00000 0.00000 0.39904 0.00000
