initial: 6
0.72416 0.00238 0.08699 0.18647 0.00000 0.00000

transition: 6
0.29563 0.02072 0.49600 0.00246 0.00000 0.18520
0.20344 0.20699 0.58884 0.00071 0.00001 0.00001
0.00457 0.50098 0.19112 0.30307 0.00000 0.00026
0.00070 0.20256 0.00015 0.59687 0.00000 0.19973
0.10753 0.00000 0.00000 0.00000 0.50295 0.38953
0.00162 0.39452 0.00000 0.00000 0.30596 0.29789

observation: 6
0.69352 0.49524 0.29915 0.09966 0.00127 0.09723
0.00322 0.00361 0.40288 0.09852 0.10249 0.09659
0.30264 0.00072 0.20046 0.19576 0.09776 0.30276
0.00061 0.50044 0.09712 0.00000 0.00358 0.40401
0.00001 0.00000 0.00039 0.60606 0.00276 0.09941
0.00000 0.00000 0.00000 0.00000 0.79215 0.00000
