initial: 6
0.00000 0.11778 0.08571 0.20986 0.00000 0.58665

transition: 6
0.20157 0.24592 0.55249 0.00002 0.00000 0.00000
0.07468 0.29730 0.44704 0.02378 0.00000 0.15720
0.50095 0.01104 0.17635 0.31166 0.00000 0.00000
0.20060 0.00206 0.00161 0.59833 0.00000 0.19740
0.00000 0.10598 0.00000 0.00000 0.50712 0.38689
0.39945 0.00031 0.00000 0.00000 0.30825 0.29199

observation: 6
0.49088 0.67872 0.28281 0.10086 0.00287 0.09656
0.00383 0.01614 0.42151 0.09755 0.10105 0.09579
0.00002 0.29011 0.19473 0.19634 0.10124 0.30239
0.50527 0.01502 0.10037 0.00000 0.00612 0.40316
0.00000 0.00001 0.00058 0.60526 0.00200 0.10209
0.00000 0.00000 0.00000 0.00000 0.78673 0.00000
