initial: 6
0.50793 0.49207 0.00000 0.00000 0.00000 0.00000

transition: 6
0.29128 0.50682 0.00737 0.19335 0.00000 0.00118
0.00182 0.50134 0.19867 0.00001 0.00000 0.29816
0.00212 0.00034 0.20463 0.78765 0.00002 0.00524
0.00014 0.00183 0.00462 0.27762 0.51520 0.20060
0.00000 0.00000 0.00000 0.00000 0.50082 0.49918
0.60025 0.00002 0.20626 0.19347 0.00000 0.00000

observation: 6
0.00006 0.29991 0.00234 0.10029 0.29860 0.09821
0.09982 0.39660 0.00000 0.10148 0.00000 0.10056
0.40456 0.19991 0.48904 0.29565 0.30239 0.00000
0.49556 0.10358 0.50591 0.40265 0.00000 0.00000
0.00000 0.00000 0.00271 0.09994 0.00000 0.80123
0.00000 0.00000 0.00000 0.00000 0.39901 0.00000
