initial: 6
0.71996 0.00004 0.09236 0.18764 0.00000 0.00000

transition: 6
0.30830 0.00446 0.48912 0.00120 0.00000 0.19692
0.00061 0.20627 0.78867 0.00444 0.00000 0.00000
0.00101 0.50359 0.19668 0.29872 0.00000 0.00000
0.00032 0.20175 0.00001 0.59678 0.00000 0.20113
0.10488 0.00000 0.00000 0.00000 0.50254 0.39257
0.00024 0.39727 0.00000 0.00000 0.30173 0.30075

observation: 6
0.99550 0.49733 0.29710 0.09762 0.00147 0.09862
0.00217 0.00116 0.40291 0.09943 0.10441 0.09685
0.00228 0.00362 0.20023 0.80295 0.09137 0.30986
0.00005 0.49788 0.09977 0.00000 0.00828 0.39563
0.00000 0.00000 0.00000 0.00000 0.00318 0.09903
0.00000 0.00000 0.00000 0.00000 0.79128 0.00000
