initial: 6
0.00000 0.10778 0.09343 0.21009 0.00000 0.58869

transition: 6
0.20301 0.21489 0.58210 0.00000 0.00000 0.00000
0.03495 0.28824 0.49272 0.00482 0.00000 0.17926
0.49653 0.00780 0.19016 0.30552 0.00000 0.00000
0.20038 0.00085 0.00130 0.59855 0.00000 0.19893
0.00000 0.10362 0.00000 0.00000 0.50437 0.39201
0.39848 0.00011 0.00000 0.00000 0.30486 0.29655

observation: 6
0.49367 0.69226 0.29715 0.10049 0.00075 0.09855
0.00265 0.00600 0.40560 0.09853 0.10232 0.09596
0.00001 0.29689 0.19866 0.19633 0.09947 0.30153
0.50367 0.00485 0.09827 0.00000 0.00472 0.40252
0.00000 0.00000 0.00032 0.60464 0.00207 0.10145
0.00000 0.00000 0.00000 0.00000 0.79068 0.00000
