initial: 6
0.71841 0.00257 0.09153 0.18749 0.00000 0.00000

transition: 6
0.29580 0.00881 0.50563 0.00050 0.00000 0.18926
0.19920 0.20157 0.59888 0.00002 0.00033 0.00001
0.00276 0.49658 0.20056 0.30006 0.00000 0.00004
0.00005 0.20207 0.00037 0.59755 0.00000 0.19996
0.10739 0.00000 0.00000 0.00000 0.50055 0.39206
0.00029 0.39462 0.00000 0.00000 0.30415 0.30095

observation: 6
0.69576 0.49800 0.30221 0.10015 0.00009 0.09747
0.00133 0.00078 0.39860 0.09933 0.10276 0.09740
0.30290 0.00019 0.20038 0.19618 0.09776 0.30225
0.00000 0.50103 0.09870 0.00000 0.00119 0.40378
0.00000 0.00000 0.00011 0.60435 0.00291 0.09910
0.00000 0.00000 0.00000 0.00000 0.79530 0.00000
