initial: 6
0.83918 0.09457 0.02017 0.04315 0.00247 0.00045

transition: 6
0.42707 0.40304 0.08183 0.05687 0.01097 0.02023
0.16129 0.45844 0.28691 0.06396 0.00955 0.01985
0.15262 0.14379 0.34418 0.30135 0.02280 0.03526
0.13098 0.12404 0.12404 0.42273 0.14341 0.05479
0.05142 0.03879 0.02706 0.03414 0.60371 0.24489
0.33658 0.09081 0.05326 0.04925 0.16805 0.30204

observation: 6
0.58776 0.38592 0.17212 0.08725 0.03811 0.11749
0.12984 0.22939 0.20854 0.10933 0.06651 0.09227
0.09368 0.12759 0.39112 0.65193 0.32934 0.23353
0.18814 0.25693 0.22790 0.14876 0.12851 0.37814
0.00058 0.00017 0.00032 0.00264 0.05705 0.05633
0.00000 0.00000 0.00000 0.00009 0.38049 0.12224
