initial: 6
0.99939 0.00061 0.00000 0.00000 0.00000 0.00000

transition: 6
0.43550 0.34084 0.10910 0.10018 0.00804 0.00634
0.06309 0.30634 0.41679 0.15613 0.03286 0.02479
0.02021 0.05090 0.30708 0.51223 0.06597 0.04362
0.00564 0.02071 0.06192 0.38974 0.42389 0.09809
0.07727 0.09100 0.03494 0.00157 0.24843 0.54679
0.38705 0.15431 0.05624 0.00246 0.05054 0.34941

observation: 6
0.24172 0.07274 0.02943 0.06471 0.03482 0.00252
0.20246 0.08799 0.04293 0.06925 0.02644 0.00385
0.55063 0.76848 0.62433 0.19788 0.06794 0.20496
0.00126 0.06635 0.28765 0.56766 0.04859 0.00027
0.00001 0.00141 0.01456 0.09566 0.02753 0.00007
0.00392 0.00302 0.00111 0.00486 0.79469 0.78833
