initial: 6
0.63453 0.16148 0.10355 0.09784 0.00152 0.00108

transition: 6
0.29801 0.33127 0.10514 0.09265 0.09127 0.08167
0.09175 0.30366 0.32669 0.09160 0.09501 0.09128
0.11504 0.09796 0.30712 0.33546 0.07703 0.06740
0.11066 0.10855 0.10074 0.31441 0.28786 0.07778
0.05732 0.06750 0.07662 0.06620 0.39210 0.34025
0.25690 0.07833 0.09549 0.10030 0.13119 0.33779

observation: 6
0.16487 0.26233 0.08879 0.09273 0.16848 0.10954
0.19193 0.22215 0.17904 0.12404 0.02536 0.02523
0.27822 0.22088 0.24824 0.31376 0.26231 0.24528
0.28633 0.16632 0.24275 0.33610 0.15188 0.16752
0.07087 0.11302 0.23263 0.11905 0.14602 0.31096
0.00779 0.01531 0.00853 0.01432 0.24594 0.14148
