initial: 6
0.72006 0.00281 0.08991 0.18722 0.00000 0.00000

transition: 6
0.29559 0.01241 0.50256 0.00109 0.00000 0.18834
0.20065 0.20281 0.59632 0.00014 0.00007 0.00001
0.00343 0.49760 0.19785 0.30099 0.00000 0.00013
0.00023 0.20206 0.00018 0.59744 0.00000 0.20009
0.10735 0.00000 0.00000 0.00000 0.50149 0.39116
0.00071 0.39442 0.00000 0.00000 0.30466 0.30021

observation: 6
0.69509 0.49713 0.30140 0.10003 0.00042 0.09783
0.00197 0.00159 0.39979 0.09915 0.10263 0.09716
0.30290 0.00036 0.20029 0.19602 0.09785 0.30211
0.00003 0.50093 0.09833 0.00000 0.00215 0.40382
0.00000 0.00000 0.00020 0.60480 0.00293 0.09908
0.00000 0.00000 0.00000 0.00000 0.79402 0.00000
