initial: 6
0.48936 0.51064 0.00000 0.00000 0.00000 0.00000

transition: 6
0.27035 0.41453 0.01399 0.29846 0.00049 0.00217
0.00812 0.50517 0.20213 0.00040 0.00016 0.28402
0.00982 0.00281 0.21732 0.76590 0.00091 0.00324
0.00062 0.00830 0.00936 0.24424 0.53180 0.20568
0.00000 0.00000 0.00000 0.00000 0.50093 0.49907
0.76398 0.00024 0.05265 0.18313 0.00000 0.00000

observation: 6
0.00016 0.29712 0.01056 0.10195 0.29822 0.09709
0.08104 0.39985 0.00061 0.09913 0.00000 0.09926
0.41932 0.19798 0.47072 0.29580 0.30255 0.00000
0.49948 0.10505 0.48291 0.40358 0.00000 0.00000
0.00000 0.00000 0.03521 0.09955 0.00000 0.80365
0.00000 0.00000 0.00000 0.00000 0.39923 0.00000
