initial: 6
0.75908 0.00000 0.06260 0.17832 0.00000 0.00000

transition: 6
0.29541 0.09975 0.41418 0.01647 0.00000 0.17419
0.00669 0.36036 0.59763 0.03533 0.00000 0.00000
0.01989 0.57736 0.08284 0.31979 0.00000 0.00011
0.01672 0.19619 0.00020 0.57890 0.00016 0.20783
0.10758 0.00000 0.00000 0.00000 0.55399 0.33843
0.01209 0.42399 0.00007 0.00000 0.32113 0.24272

observation: 6
0.96648 0.46599 0.26272 0.07893 0.01300 0.09213
0.01229 0.03171 0.46645 0.09479 0.10805 0.08333
0.01193 0.02322 0.23252 0.82594 0.10142 0.32076
0.00929 0.47909 0.03831 0.00034 0.04431 0.40466
0.00000 0.00000 0.00000 0.00000 0.01364 0.09912
0.00000 0.00000 0.00000 0.00000 0.71958 0.00000
