initial: 6
0.76244 0.00000 0.05868 0.17888 0.00000 0.00000

transition: 6
0.29996 0.11427 0.42357 0.00840 0.00001 0.15379
0.22352 0.31035 0.44691 0.01919 0.00000 0.00004
0.01786 0.58383 0.04196 0.35249 0.00021 0.00365
0.00964 0.20631 0.00265 0.58507 0.00011 0.19623
0.10692 0.00005 0.00000 0.00000 0.52203 0.37100
0.02159 0.39242 0.00000 0.00000 0.31953 0.26645

observation: 6
0.67333 0.46465 0.26219 0.09160 0.00752 0.09442
0.01925 0.04721 0.45653 0.09165 0.10727 0.08030
0.29991 0.00568 0.21865 0.19367 0.10140 0.30720
0.00713 0.48233 0.05613 0.00000 0.01251 0.41679
0.00038 0.00013 0.00650 0.62307 0.00443 0.10128
0.00000 0.00000 0.00000 0.00000 0.76687 0.00000
