initial: 6
0.71953 0.00275 0.09040 0.18731 0.00000 0.00000

transition: 6
0.29565 0.01121 0.50356 0.00090 0.00000 0.18868
0.20021 0.20234 0.59722 0.00009 0.00013 0.00001
0.00323 0.49724 0.19873 0.30069 0.00000 0.00011
0.00016 0.20205 0.00020 0.59751 0.00000 0.20008
0.10735 0.00000 0.00000 0.00000 0.50122 0.39143
0.00057 0.39448 0.00000 0.00000 0.30448 0.30047

observation: 6
0.69530 0.49740 0.30168 0.10008 0.00030 0.09778
0.00178 0.00132 0.39939 0.09923 0.10266 0.09724
0.30290 0.00030 0.20030 0.19607 0.09784 0.30211
0.00001 0.50097 0.09847 0.00000 0.00187 0.40380
0.00000 0.00000 0.00017 0.60463 0.00294 0.09907
0.00000 0.00000 0.00000 0.00000 0.79438 0.00000
