initial: 6
0.50794 0.49206 0.00000 0.00000 0.00000 0.00000

transition: 6
0.29125 0.50669 0.00738 0.19346 0.00000 0.00121
0.00187 0.50132 0.19867 0.00001 0.00000 0.29813
0.00213 0.00035 0.20478 0.78753 0.00002 0.00519
0.00014 0.00187 0.00464 0.27734 0.51536 0.20066
0.00000 0.00000 0.00000 0.00000 0.50082 0.49918
0.60043 0.00002 0.20617 0.19338 0.00000 0.00000

observation: 6
0.00006 0.29991 0.00239 0.10030 0.29859 0.09820
0.09981 0.39660 0.00000 0.10148 0.00000 0.10055
0.40457 0.19991 0.48897 0.29563 0.30240 0.00000
0.49556 0.10358 0.50586 0.40265 0.00000 0.00000
0.00000 0.00000 0.00278 0.09994 0.00000 0.80124
0.00000 0.00000 0.00000 0.00000 0.39901 0.00000
