initial: 6
0.72002 0.00003 0.09234 0.18761 0.00000 0.00000

transition: 6
0.30829 0.00469 0.48885 0.00125 0.00000 0.19692
0.00061 0.20674 0.78801 0.00464 0.00000 0.00000
0.00104 0.50389 0.19632 0.29874 0.00000 0.00000
0.00035 0.20178 0.00001 0.59672 0.00000 0.20114
0.10489 0.00000 0.00000 0.00000 0.50274 0.39237
0.00025 0.39740 0.00000 0.00000 0.30181 0.30053

observation: 6
0.99547 0.49726 0.29703 0.09756 0.00153 0.09860
0.00217 0.00124 0.40311 0.09941 0.10442 0.09681
0.00230 0.00371 0.20024 0.80302 0.09138 0.30991
0.00006 0.49779 0.09962 0.00000 0.00846 0.39564
0.00000 0.00000 0.00000 0.00000 0.00322 0.09904
0.00000 0.00000 0.00000 0.00000 0.79100 0.00000
