initial: 6
0.50765 0.49235 0.00000 0.00000 0.00000 0.00000

transition: 6
0.29054 0.50236 0.00751 0.19785 0.00000 0.00173
0.00270 0.50107 0.19865 0.00002 0.00000 0.29756
0.00248 0.00045 0.20746 0.78514 0.00006 0.00441
0.00016 0.00245 0.00498 0.27223 0.51841 0.20176
0.00000 0.00000 0.00000 0.00000 0.50087 0.49913
0.60635 0.00004 0.20178 0.19184 0.00000 0.00000

observation: 6
0.00005 0.29991 0.00323 0.10047 0.29846 0.09805
0.09919 0.39669 0.00001 0.10139 0.00000 0.10045
0.40504 0.19981 0.48786 0.29546 0.30250 0.00000
0.49572 0.10358 0.50484 0.40276 0.00000 0.00000
0.00000 0.00000 0.00406 0.09993 0.00000 0.80150
0.00000 0.00000 0.00000 0.00000 0.39904 0.00000
