initial: 6
0.29322 0.04790 0.14812 0.26347 0.09278 0.15451

transition: 6
0.48712 0.43430 0.04812 0.01418 0.00610 0.01019
0.19658 0.51785 0.23719 0.03747 0.00368 0.00724
0.18816 0.11572 0.27121 0.38371 0.01826 0.02294
0.18991 0.09429 0.08361 0.51575 0.08184 0.03460
0.05002 0.02856 0.00970 0.00827 0.60159 0.30187
0.28817 0.06006 0.01356 0.00607 0.22522 0.40693

observation: 6
0.39264 0.49935 0.19739 0.06300 0.02729 0.06800
0.10381 0.18040 0.26866 0.05695 0.08729 0.07113
0.13251 0.11488 0.24418 0.18047 0.19695 0.23232
0.36875 0.20242 0.08716 0.06044 0.14750 0.27909
0.00227 0.00295 0.20261 0.63911 0.03921 0.01863
0.00001 0.00000 0.00000 0.00002 0.50176 0.33084
