initial: 6
0.99998 0.00002 0.00000 0.00000 0.00000 0.00000

transition: 6
0.47384 0.29440 0.10645 0.12132 0.00212 0.00188
0.05387 0.32186 0.43784 0.16185 0.01290 0.01168
0.01104 0.04069 0.31204 0.54675 0.04984 0.03966
0.00158 0.01291 0.07286 0.41934 0.38210 0.11121
0.09262 0.17239 0.02475 0.00004 0.21071 0.49949
0.33980 0.22802 0.03195 0.00007 0.05527 0.34489

observation: 6
0.26154 0.05064 0.02522 0.08100 0.02634 0.00044
0.22111 0.07008 0.03292 0.08057 0.02385 0.00092
0.51628 0.84959 0.64071 0.20684 0.04722 0.12324
0.00021 0.02863 0.29130 0.53435 0.01518 0.00000
0.00000 0.00040 0.00979 0.09667 0.01347 0.00000
0.00086 0.00066 0.00006 0.00058 0.87394 0.87539
