initial: 6
0.83473 0.03501 0.01724 0.11288 0.00011 0.00003

transition: 6
0.41542 0.42658 0.08242 0.05427 0.00529 0.01603
0.16260 0.49095 0.27552 0.05516 0.00322 0.01254
0.15555 0.14681 0.33966 0.31804 0.01013 0.02980
0.11373 0.10376 0.11554 0.52113 0.08733 0.05852
0.05348 0.02793 0.01045 0.01022 0.69487 0.20304
0.41608 0.10441 0.03619 0.02141 0.14638 0.27553

observation: 6
0.62102 0.35907 0.16956 0.06820 0.03311 0.12242
0.11882 0.25115 0.21096 0.06549 0.08464 0.08009
0.07363 0.09727 0.41366 0.76510 0.17731 0.15293
0.18577 0.29236 0.20565 0.09903 0.12993 0.46932
0.00077 0.00016 0.00016 0.00217 0.06175 0.08653
0.00000 0.00000 0.00000 0.00000 0.51327 0.08871
