initial: 6
0.00000 0.10463 0.09562 0.21023 0.00000 0.58952

transition: 6
0.20284 0.20665 0.59051 0.00000 0.00000 0.00000
0.01912 0.28713 0.50658 0.00109 0.00000 0.18609
0.49579 0.00645 0.19462 0.30314 0.00000 0.00000
0.20035 0.00035 0.00114 0.59870 0.00000 0.19946
0.00000 0.10249 0.00000 0.00000 0.50319 0.39431
0.39801 0.00004 0.00000 0.00000 0.30353 0.29843

observation: 6
0.49474 0.69711 0.30067 0.10046 0.00012 0.09936
0.00206 0.00290 0.40137 0.09904 0.10283 0.09593
0.00000 0.29819 0.19969 0.19640 0.09878 0.30136
0.50320 0.00181 0.09806 0.00000 0.00387 0.40222
0.00000 0.00000 0.00021 0.60411 0.00207 0.10113
0.00000 0.00000 0.00000 0.00000 0.79232 0.00000
