initial: 6
0.71960 0.00045 0.09183 0.18812 0.00000 0.00000

transition: 6
0.30867 0.00166 0.49254 0.00043 0.00000 0.19670
0.00078 0.20142 0.79613 0.00166 0.00000 0.00000
0.00050 0.50004 0.20080 0.29867 0.00000 0.00000
0.00004 0.20164 0.00001 0.59758 0.00000 0.20073
0.10493 0.00000 0.00000 0.00000 0.49926 0.39581
0.00007 0.39530 0.00000 0.00000 0.30099 0.30365

observation: 6
0.99549 0.49832 0.29762 0.09817 0.00060 0.09890
0.00238 0.00026 0.40046 0.09967 0.10424 0.09736
0.00213 0.00236 0.20064 0.80217 0.09102 0.30915
0.00000 0.49907 0.10119 0.00000 0.00546 0.39567
0.00000 0.00000 0.00008 0.00000 0.00254 0.09892
0.00000 0.00000 0.00000 0.00000 0.79613 0.00000
