initial: 6
0.50792 0.49208 0.00000 0.00000 0.00000 0.00000

transition: 6
0.29132 0.50695 0.00735 0.19325 0.00000 0.00114
0.00176 0.50137 0.19868 0.00001 0.00000 0.29819
0.00211 0.00033 0.20447 0.78777 0.00002 0.00530
0.00013 0.00179 0.00460 0.27790 0.51502 0.20055
0.00000 0.00000 0.00000 0.00000 0.50082 0.49918
0.60008 0.00002 0.20634 0.19357 0.00000 0.00000

observation: 6
0.00006 0.29991 0.00229 0.10028 0.29860 0.09822
0.09984 0.39660 0.00000 0.10148 0.00000 0.10056
0.40455 0.19991 0.48911 0.29566 0.30239 0.00000
0.49555 0.10358 0.50596 0.40264 0.00000 0.00000
0.00000 0.00000 0.00264 0.09994 0.00000 0.80121
0.00000 0.00000 0.00000 0.00000 0.39901 0.00000
