initial: 6
0.76996 0.00000 0.05443 0.17561 0.00000 0.00000

transition: 6
0.27584 0.13637 0.41293 0.02590 0.00000 0.14896
0.01538 0.37848 0.56911 0.03703 0.00000 0.00000
0.03768 0.58217 0.05305 0.32680 0.00000 0.00031
0.02750 0.18359 0.00042 0.57488 0.00034 0.21328
0.10783 0.00001 0.00000 0.00000 0.57302 0.31915
0.02339 0.42966 0.00030 0.00000 0.32419 0.22247

observation: 6
0.95745 0.44523 0.25729 0.07470 0.01656 0.09105
0.01557 0.04227 0.47564 0.09376 0.10930 0.07842
0.01600 0.02909 0.23976 0.83090 0.10680 0.32362
0.01098 0.48341 0.02731 0.00065 0.05496 0.40925
0.00000 0.00000 0.00000 0.00000 0.01753 0.09766
0.00000 0.00000 0.00000 0.00000 0.69485 0.00000
