initial: 6
0.48809 0.51191 0.00000 0.00000 0.00000 0.00000

transition: 6
0.26639 0.40837 0.01641 0.30583 0.00081 0.00219
0.00953 0.50461 0.20344 0.00060 0.00033 0.28150
0.01267 0.00377 0.21588 0.76283 0.00139 0.00345
0.00078 0.00977 0.01075 0.24237 0.53159 0.20474
0.00000 0.00000 0.00000 0.00000 0.50101 0.49899
0.77969 0.00028 0.03798 0.18205 0.00000 0.00000

observation: 6
0.00018 0.29710 0.01141 0.10194 0.29828 0.09692
0.07953 0.40057 0.00107 0.09895 0.00000 0.09905
0.42062 0.19762 0.46620 0.29562 0.30255 0.00000
0.49967 0.10471 0.47860 0.40376 0.00000 0.00000
0.00000 0.00000 0.04272 0.09974 0.00000 0.80403
0.00000 0.00000 0.00000 0.00000 0.39917 0.00000
