initial: 6
0.71960 0.00030 0.09209 0.18801 0.00000 0.00000

transition: 6
0.30856 0.00218 0.49185 0.00061 0.00000 0.19681
0.00076 0.20212 0.79485 0.00228 0.00000 0.00000
0.00065 0.50068 0.20003 0.29864 0.00000 0.00000
0.00008 0.20160 0.00001 0.59742 0.00000 0.20088
0.10490 0.00000 0.00000 0.00000 0.50010 0.39500
0.00011 0.39579 0.00000 0.00000 0.30105 0.30305

observation: 6
0.99557 0.49808 0.29759 0.09810 0.00081 0.09886
0.00228 0.00042 0.40093 0.09961 0.10429 0.09726
0.00215 0.00265 0.20043 0.80229 0.09113 0.30931
0.00000 0.49884 0.10101 0.00000 0.00619 0.39561
0.00000 0.00000 0.00004 0.00000 0.00269 0.09895
0.00000 0.00000 0.00000 0.00000 0.79488 0.00000
