initial: 6
0.72376 0.00000 0.08992 0.18632 0.00000 0.00000

transition: 6
0.30837 0.01595 0.47621 0.00280 0.00000 0.19667
0.00071 0.23201 0.75495 0.01234 0.00000 0.00000
0.00218 0.51786 0.17898 0.30098 0.00000 0.00000
0.00163 0.20301 0.00002 0.59396 0.00000 0.20138
0.10510 0.00000 0.00000 0.00000 0.50973 0.38517
0.00083 0.40171 0.00000 0.00000 0.30490 0.29257

observation: 6
0.99319 0.49454 0.29226 0.09495 0.00353 0.09745
0.00262 0.00483 0.41342 0.09883 0.10474 0.09521
0.00312 0.00692 0.20301 0.80621 0.09161 0.31201
0.00107 0.49371 0.09131 0.00002 0.01446 0.39602
0.00000 0.00000 0.00000 0.00000 0.00459 0.09931
0.00000 0.00000 0.00000 0.00000 0.78107 0.00000
