initial: 6
0.72455 0.00227 0.08679 0.18639 0.00000 0.00000

transition: 6
0.29567 0.02141 0.49544 0.00257 0.00000 0.18491
0.20369 0.20739 0.58814 0.00077 0.00000 0.00001
0.00465 0.50132 0.19049 0.30327 0.00000 0.00027
0.00074 0.20261 0.00015 0.59681 0.00000 0.19969
0.10754 0.00000 0.00000 0.00000 0.50305 0.38941
0.00170 0.39453 0.00000 0.00000 0.30608 0.29769

observation: 6
0.69337 0.49507 0.29894 0.09963 0.00134 0.09717
0.00333 0.00379 0.40316 0.09846 0.10248 0.09653
0.30259 0.00075 0.20049 0.19574 0.09774 0.30283
0.00070 0.50038 0.09700 0.00000 0.00368 0.40403
0.00001 0.00000 0.00041 0.60617 0.00274 0.09944
0.00000 0.00000 0.00000 0.00000 0.79202 0.00000
