initial: 6
0.00000 0.11870 0.08497 0.20984 0.00000 0.58649

transition: 6
0.20133 0.24915 0.54951 0.00002 0.00000 0.00000
0.07789 0.29840 0.44272 0.02578 0.00000 0.15521
0.50145 0.01131 0.17507 0.31217 0.00000 0.00000
0.20061 0.00217 0.00164 0.59831 0.00000 0.19727
0.00000 0.10615 0.00000 0.00000 0.50735 0.38650
0.39953 0.00033 0.00000 0.00000 0.30853 0.29161

observation: 6
0.49063 0.67753 0.28126 0.10089 0.00305 0.09642
0.00391 0.01709 0.42318 0.09748 0.10095 0.09576
0.00002 0.28933 0.19434 0.19634 0.10139 0.30249
0.50543 0.01605 0.10062 0.00000 0.00623 0.40318
0.00000 0.00001 0.00060 0.60529 0.00199 0.10214
0.00000 0.00000 0.00000 0.00000 0.78639 0.00000
