initial: 6
0.48752 0.51248 0.00000 0.00000 0.00000 0.00000

transition: 6
0.26166 0.40423 0.01957 0.31094 0.00133 0.00227
0.01149 0.50335 0.20491 0.00092 0.00066 0.27866
0.01709 0.00517 0.21136 0.76045 0.00218 0.00375
0.00104 0.01174 0.01258 0.24101 0.53066 0.20297
0.00000 0.00000 0.00000 0.00000 0.50117 0.49883
0.79229 0.00033 0.02685 0.18051 0.00001 0.00000

observation: 6
0.00021 0.29726 0.01252 0.10161 0.29840 0.09662
0.07838 0.40144 0.00184 0.09863 0.00000 0.09873
0.42159 0.19719 0.46118 0.29545 0.30253 0.00000
0.49983 0.10411 0.47333 0.40429 0.00000 0.00000
0.00000 0.00000 0.05113 0.10001 0.00001 0.80464
0.00000 0.00000 0.00000 0.00000 0.39905 0.00000
