initial: 6
0.77193 0.00000 0.05790 0.17017 0.00000 0.00000

transition: 6
0.30136 0.17240 0.38079 0.00758 0.00026 0.13760
0.22507 0.36458 0.38014 0.03011 0.00001 0.00010
0.03037 0.59239 0.00830 0.35609 0.00082 0.01202
0.02349 0.18644 0.01911 0.56699 0.00053 0.20344
0.10513 0.00042 0.00000 0.00000 0.54056 0.35390
0.05579 0.37376 0.00001 0.00000 0.32505 0.24539

observation: 6
0.68236 0.44001 0.24265 0.08147 0.01227 0.09178
0.01794 0.06523 0.48815 0.07827 0.10911 0.07401
0.28734 0.01121 0.23662 0.18720 0.11427 0.29764
0.01106 0.48282 0.01411 0.00000 0.01591 0.43491
0.00131 0.00074 0.01847 0.65305 0.00754 0.10158
0.00000 0.00000 0.00000 0.00000 0.74090 0.00009
