initial: 6
0.00106 0.16348 0.05598 0.20571 0.00000 0.57377

transition: 6
0.15679 0.51279 0.32804 0.00029 0.00046 0.00163
0.14152 0.43983 0.25785 0.09155 0.00000 0.06926
0.55451 0.03267 0.05175 0.35984 0.00056 0.00068
0.19341 0.01771 0.01068 0.58790 0.00037 0.18993
0.00337 0.10983 0.00000 0.00000 0.52914 0.35766
0.40057 0.00953 0.00000 0.00000 0.33390 0.25600

observation: 6
0.45913 0.57895 0.16894 0.09737 0.01297 0.09552
0.00873 0.09721 0.54494 0.09068 0.09888 0.08423
0.00237 0.20253 0.20305 0.19129 0.10986 0.32030
0.52959 0.12121 0.07373 0.00000 0.01985 0.39530
0.00018 0.00010 0.00933 0.62065 0.00425 0.10465
0.00000 0.00000 0.00000 0.00000 0.75419 0.00000
