initial: 6
0.72006 0.00003 0.09232 0.18758 0.00000 0.00000

transition: 6
0.30828 0.00489 0.48863 0.00129 0.00000 0.19692
0.00060 0.20714 0.78745 0.00480 0.00000 0.00000
0.00107 0.50415 0.19603 0.29876 0.00000 0.00000
0.00037 0.20180 0.00001 0.59667 0.00000 0.20115
0.10489 0.00000 0.00000 0.00000 0.50291 0.39220
0.00027 0.39750 0.00000 0.00000 0.30188 0.30035

observation: 6
0.99545 0.49721 0.29696 0.09751 0.00158 0.09857
0.00217 0.00130 0.40329 0.09940 0.10442 0.09678
0.00231 0.00378 0.20025 0.80308 0.09138 0.30996
0.00007 0.49771 0.09950 0.00000 0.00860 0.39565
0.00000 0.00000 0.00000 0.00000 0.00326 0.09904
0.00000 0.00000 0.00000 0.00000 0.79076 0.00000
