initial: 6
0.77963 0.00000 0.08017 0.14020 0.00000 0.00000

transition: 6
0.37492 0.33909 0.20278 0.00433 0.00873 0.07016
0.19013 0.58989 0.19658 0.02143 0.00027 0.00170
0.13651 0.24832 0.01086 0.54050 0.00333 0.06047
0.09696 0.13306 0.08010 0.46336 0.00329 0.22323
0.11707 0.00952 0.00002 0.00023 0.59933 0.27383
0.29823 0.15515 0.00021 0.00000 0.32106 0.22535

observation: 6
0.62559 0.36711 0.25821 0.04794 0.02706 0.05155
0.02868 0.19419 0.42562 0.01017 0.10533 0.07409
0.23974 0.05814 0.26045 0.14439 0.15186 0.25042
0.10243 0.37829 0.01053 0.00312 0.02487 0.53063
0.00355 0.00228 0.04520 0.79439 0.02495 0.08177
0.00000 0.00000 0.00000 0.00000 0.66592 0.01154
