initial: 6
0.49323 0.50677 0.00000 0.00000 0.00000 0.00000

transition: 6
0.23384 0.40729 0.03487 0.31415 0.00627 0.00358
0.02579 0.48581 0.21520 0.00550 0.00857 0.25913
0.05875 0.01820 0.15561 0.74881 0.01287 0.00577
0.00354 0.02756 0.02212 0.25340 0.51409 0.17929
0.00000 0.00017 0.00000 0.00000 0.50346 0.49636
0.82377 0.00078 0.01000 0.16456 0.00089 0.00000

observation: 6
0.00090 0.29961 0.02824 0.08839 0.30190 0.09378
0.07625 0.40600 0.01422 0.09171 0.00017 0.09609
0.42358 0.19436 0.42428 0.29893 0.30183 0.00000
0.49927 0.09994 0.42157 0.41981 0.00000 0.00000
0.00000 0.00009 0.11168 0.10116 0.00056 0.81012
0.00000 0.00000 0.00000 0.00000 0.39554 0.00000
