initial: 6
0.72551 0.00000 0.08869 0.18580 0.00000 0.00000

transition: 6
0.30849 0.02060 0.47110 0.00331 0.00000 0.19650
0.00081 0.24264 0.74163 0.01492 0.00000 0.00000
0.00261 0.52313 0.17216 0.30209 0.00000 0.00000
0.00216 0.20340 0.00002 0.59291 0.00001 0.20151
0.10521 0.00000 0.00000 0.00000 0.51213 0.38266
0.00108 0.40313 0.00000 0.00000 0.30602 0.28977

observation: 6
0.99203 0.49351 0.29005 0.09392 0.00417 0.09705
0.00291 0.00628 0.41767 0.09861 0.10487 0.09462
0.00348 0.00803 0.20467 0.80745 0.09178 0.31271
0.00158 0.49219 0.08761 0.00002 0.01645 0.39621
0.00000 0.00000 0.00000 0.00000 0.00506 0.09941
0.00000 0.00000 0.00000 0.00000 0.77767 0.00000
