initial: 6
0.50447 0.49553 0.00000 0.00000 0.00000 0.00000

transition: 6
0.28756 0.48129 0.00797 0.22096 0.00003 0.00219
0.00402 0.50189 0.19862 0.00006 0.00000 0.29541
0.00347 0.00069 0.21139 0.78081 0.00013 0.00352
0.00023 0.00362 0.00570 0.26189 0.52440 0.20415
0.00000 0.00000 0.00000 0.00000 0.50093 0.49907
0.63708 0.00008 0.17388 0.18896 0.00000 0.00000

observation: 6
0.00007 0.29946 0.00511 0.10076 0.29829 0.09776
0.09536 0.39728 0.00002 0.10072 0.00000 0.10012
0.40775 0.19937 0.48612 0.29545 0.30263 0.00000
0.49683 0.10389 0.50107 0.40323 0.00000 0.00000
0.00000 0.00000 0.00768 0.09983 0.00000 0.80212
0.00000 0.00000 0.00000 0.00000 0.39907 0.00000
