initial: 6
0.73458 0.00008 0.08079 0.18455 0.00000 0.00000

transition: 6
0.29707 0.03991 0.48035 0.00528 0.00000 0.17738
0.21000 0.22142 0.56562 0.00295 0.00000 0.00001
0.00665 0.51314 0.16966 0.30999 0.00000 0.00055
0.00176 0.20445 0.00021 0.59518 0.00000 0.19839
0.10787 0.00000 0.00000 0.00000 0.50557 0.38656
0.00383 0.39459 0.00000 0.00000 0.30901 0.29258

observation: 6
0.68902 0.49044 0.29243 0.09864 0.00287 0.09583
0.00681 0.00975 0.41208 0.09691 0.10262 0.09452
0.30172 0.00156 0.20193 0.19539 0.09713 0.30485
0.00241 0.49824 0.09261 0.00000 0.00583 0.40484
0.00004 0.00001 0.00094 0.60906 0.00261 0.09995
0.00000 0.00000 0.00000 0.00000 0.78895 0.00000
