initial: 6
0.00000 0.10665 0.09424 0.21013 0.00000 0.58898

transition: 6
0.20300 0.21184 0.58516 0.00000 0.00000 0.00000
0.02958 0.28769 0.49771 0.00327 0.00000 0.18174
0.49620 0.00735 0.19174 0.30470 0.00000 0.00000
0.20036 0.00068 0.00125 0.59859 0.00000 0.19912
0.00000 0.10325 0.00000 0.00000 0.50398 0.39277
0.39833 0.00009 0.00000 0.00000 0.30440 0.29718

observation: 6
0.49403 0.69395 0.29847 0.10047 0.00050 0.09884
0.00246 0.00487 0.40404 0.09869 0.10249 0.09595
0.00001 0.29742 0.19904 0.19635 0.09923 0.30146
0.50350 0.00375 0.09816 0.00000 0.00447 0.40240
0.00000 0.00000 0.00029 0.60449 0.00208 0.10134
0.00000 0.00000 0.00000 0.00000 0.79122 0.00000
