initial: 6
0.72497 0.00212 0.08659 0.18631 0.00000 0.00000

transition: 6
0.29571 0.02216 0.49484 0.00269 0.00000 0.18459
0.20395 0.20783 0.58737 0.00084 0.00000 0.00001
0.00474 0.50170 0.18979 0.30348 0.00000 0.00029
0.00078 0.20268 0.00015 0.59675 0.00000 0.19964
0.10756 0.00000 0.00000 0.00000 0.50316 0.38928
0.00178 0.39454 0.00000 0.00000 0.30620 0.29748

observation: 6
0.69321 0.49490 0.29871 0.09959 0.00141 0.09710
0.00345 0.00400 0.40347 0.09840 0.10248 0.09647
0.30254 0.00078 0.20053 0.19572 0.09772 0.30291
0.00079 0.50032 0.09687 0.00000 0.00378 0.40405
0.00001 0.00000 0.00043 0.60628 0.00273 0.09947
0.00000 0.00000 0.00000 0.00000 0.79188 0.00000
