initial: 6
0.49965 0.50035 0.00000 0.00000 0.00000 0.00000

transition: 6
0.28329 0.45779 0.00891 0.24766 0.00007 0.00227
0.00499 0.50339 0.19884 0.00010 0.00001 0.29267
0.00460 0.00100 0.21363 0.77738 0.00022 0.00317
0.00031 0.00471 0.00639 0.25469 0.52831 0.20559
0.00000 0.00000 0.00000 0.00000 0.50092 0.49908
0.67597 0.00012 0.13697 0.18694 0.00000 0.00000

observation: 6
0.00009 0.29863 0.00687 0.10107 0.29823 0.09753
0.09060 0.39789 0.00005 0.10005 0.00000 0.09982
0.41133 0.19897 0.48385 0.29567 0.30263 0.00000
0.49798 0.10450 0.49651 0.40354 0.00000 0.00000
0.00000 0.00000 0.01272 0.09967 0.00000 0.80265
0.00000 0.00000 0.00000 0.00000 0.39913 0.00000
