initial: 6
0.00000 0.10363 0.09630 0.21029 0.00000 0.58977

transition: 6
0.20268 0.20414 0.59316 0.00000 0.00003 0.00000
0.01323 0.28715 0.51110 0.00036 0.00000 0.18816
0.49569 0.00592 0.19611 0.30227 0.00000 0.00000
0.20039 0.00016 0.00106 0.59878 0.00000 0.19961
0.00000 0.10206 0.00000 0.00000 0.50273 0.39521
0.39785 0.00002 0.00000 0.00000 0.30305 0.29909

observation: 6
0.49514 0.69878 0.30171 0.10047 0.00002 0.09952
0.00182 0.00191 0.40005 0.09925 0.10302 0.09592
0.00000 0.29844 0.20000 0.19643 0.09853 0.30136
0.50304 0.00087 0.09808 0.00000 0.00342 0.40218
0.00000 0.00000 0.00015 0.60385 0.00206 0.10102
0.00000 0.00000 0.00000 0.00000 0.79296 0.00000
