initial: 6
0.00000 0.10458 0.09565 0.21023 0.00000 0.58954

transition: 6
0.20283 0.20653 0.59063 0.00000 0.00000 0.00000
0.01886 0.28713 0.50678 0.00105 0.00000 0.18619
0.49578 0.00643 0.19469 0.30310 0.00000 0.00000
0.20035 0.00034 0.00114 0.59870 0.00000 0.19947
0.00000 0.10248 0.00000 0.00000 0.50317 0.39435
0.39800 0.00004 0.00000 0.00000 0.30350 0.29846

observation: 6
0.49476 0.69718 0.30072 0.10046 0.00012 0.09937
0.00205 0.00285 0.40131 0.09905 0.10284 0.09593
0.00000 0.29820 0.19971 0.19640 0.09877 0.30136
0.50319 0.00176 0.09806 0.00000 0.00385 0.40222
0.00000 0.00000 0.00021 0.60410 0.00207 0.10112
0.00000 0.00000 0.00000 0.00000 0.79235 0.00000
