initial: 6
0.72886 0.00072 0.08491 0.18551 0.00000 0.00000

transition: 6
0.29619 0.02893 0.48934 0.00375 0.00000 0.18179
0.20630 0.21234 0.57981 0.00153 0.00000 0.00001
0.00550 0.50551 0.18297 0.30564 0.00000 0.00038
0.00115 0.20330 0.00017 0.59618 0.00000 0.19920
0.10771 0.00000 0.00000 0.00000 0.50408 0.38820
0.00253 0.39458 0.00000 0.00000 0.30729 0.29560

observation: 6
0.69167 0.49331 0.29646 0.09925 0.00201 0.09655
0.00462 0.00598 0.40649 0.09783 0.10246 0.09585
0.30212 0.00108 0.20093 0.19558 0.09750 0.30365
0.00156 0.49963 0.09551 0.00000 0.00464 0.40426
0.00002 0.00000 0.00060 0.60735 0.00264 0.09968
0.00000 0.00000 0.00000 0.00000 0.79075 0.00000
