initial: 6
0.50700 0.49300 0.00000 0.00000 0.00000 0.00000

transition: 6
0.28983 0.49703 0.00759 0.20360 0.00001 0.00195
0.00317 0.50115 0.19865 0.00003 0.00000 0.29700
0.00277 0.00052 0.20902 0.78358 0.00008 0.00404
0.00018 0.00283 0.00521 0.26872 0.52047 0.20258
0.00000 0.00000 0.00000 0.00000 0.50090 0.49910
0.61378 0.00005 0.19533 0.19084 0.00000 0.00000

observation: 6
0.00005 0.29984 0.00382 0.10057 0.29839 0.09795
0.09829 0.39685 0.00001 0.10123 0.00000 0.10036
0.40567 0.19968 0.48726 0.29541 0.30256 0.00000
0.49599 0.10363 0.50386 0.40289 0.00000 0.00000
0.00000 0.00000 0.00506 0.09991 0.00000 0.80169
0.00000 0.00000 0.00000 0.00000 0.39906 0.00000
