initial: 6
0.72254 0.00000 0.09077 0.18669 0.00000 0.00000

transition: 6
0.30828 0.01260 0.47994 0.00241 0.00000 0.19677
0.00065 0.22428 0.76477 0.01030 0.00000 0.00000
0.00186 0.51387 0.18407 0.30020 0.00000 0.00000
0.00125 0.20268 0.00002 0.59475 0.00000 0.20131
0.10502 0.00000 0.00000 0.00000 0.50792 0.38706
0.00066 0.40061 0.00000 0.00000 0.30406 0.29467

observation: 6
0.99397 0.49529 0.29382 0.09570 0.00302 0.09776
0.00244 0.00378 0.41033 0.09899 0.10465 0.09565
0.00287 0.00608 0.20193 0.80530 0.09153 0.31146
0.00072 0.49486 0.09392 0.00001 0.01293 0.39590
0.00000 0.00000 0.00000 0.00000 0.00423 0.09923
0.00000 0.00000 0.00000 0.00000 0.78363 0.00000
