initial: 6
0.74367 0.00001 0.07313 0.18320 0.00000 0.00000

transition: 6
0.29899 0.05889 0.46522 0.00716 0.00000 0.16974
0.21643 0.24056 0.53691 0.00608 0.00000 0.00001
0.00880 0.53011 0.14023 0.31990 0.00002 0.00094
0.00296 0.20653 0.00036 0.59321 0.00001 0.19693
0.10791 0.00000 0.00000 0.00000 0.50863 0.38346
0.00660 0.39453 0.00000 0.00000 0.31209 0.28678

observation: 6
0.68417 0.48429 0.28466 0.09751 0.00416 0.09502
0.01097 0.01816 0.42313 0.09527 0.10347 0.09127
0.30112 0.00247 0.20443 0.19516 0.09683 0.30677
0.00365 0.49507 0.08608 0.00000 0.00769 0.40656
0.00009 0.00001 0.00170 0.61207 0.00278 0.10039
0.00000 0.00000 0.00000 0.00000 0.78507 0.00000
