initial: 6
0.00000 0.10410 0.09598 0.21026 0.00000 0.58966

transition: 6
0.20276 0.20533 0.59190 0.00000 0.00001 0.00000
0.01609 0.28711 0.50893 0.00067 0.00000 0.18720
0.49572 0.00618 0.19540 0.30270 0.00000 0.00000
0.20036 0.00025 0.00110 0.59874 0.00000 0.19955
0.00000 0.10227 0.00000 0.00000 0.50296 0.39477
0.39791 0.00003 0.00000 0.00000 0.30328 0.29878

observation: 6
0.49495 0.69798 0.30123 0.10046 0.00006 0.09947
0.00194 0.00238 0.40068 0.09914 0.10293 0.09592
0.00000 0.29834 0.19986 0.19641 0.09865 0.30135
0.50311 0.00131 0.09806 0.00000 0.00365 0.40219
0.00000 0.00000 0.00018 0.60398 0.00207 0.10107
0.00000 0.00000 0.00000 0.00000 0.79265 0.00000
