initial: 6
0.00000 0.10697 0.09401 0.21012 0.00000 0.58890

transition: 6
0.20300 0.21269 0.58430 0.00000 0.00000 0.00000
0.03113 0.28783 0.49631 0.00369 0.00000 0.18104
0.49629 0.00748 0.19129 0.30494 0.00000 0.00000
0.20036 0.00073 0.00127 0.59858 0.00000 0.19906
0.00000 0.10336 0.00000 0.00000 0.50410 0.39255
0.39837 0.00009 0.00000 0.00000 0.30454 0.29700

observation: 6
0.49393 0.69347 0.29811 0.10047 0.00057 0.09876
0.00252 0.00519 0.40448 0.09865 0.10244 0.09595
0.00001 0.29728 0.19893 0.19634 0.09930 0.30148
0.50355 0.00406 0.09818 0.00000 0.00455 0.40244
0.00000 0.00000 0.00030 0.60454 0.00207 0.10137
0.00000 0.00000 0.00000 0.00000 0.79106 0.00000
