initial: 6
0.72246 0.00000 0.09082 0.18672 0.00000 0.00000

transition: 6
0.30827 0.01237 0.48019 0.00238 0.00000 0.19678
0.00065 0.22376 0.76543 0.01016 0.00000 0.00000
0.00184 0.51360 0.18441 0.30015 0.00000 0.00000
0.00122 0.20265 0.00002 0.59480 0.00000 0.20130
0.10501 0.00000 0.00000 0.00000 0.50779 0.38720
0.00064 0.40054 0.00000 0.00000 0.30400 0.29482

observation: 6
0.99402 0.49534 0.29392 0.09575 0.00298 0.09778
0.00243 0.00370 0.41012 0.09900 0.10465 0.09569
0.00285 0.00602 0.20186 0.80524 0.09153 0.31143
0.00069 0.49494 0.09410 0.00001 0.01282 0.39589
0.00000 0.00000 0.00000 0.00000 0.00421 0.09922
0.00000 0.00000 0.00000 0.00000 0.78381 0.00000
