initial: 6
0.00000 0.13840 0.06924 0.20937 0.00000 0.58299

transition: 6
0.19072 0.33504 0.47418 0.00005 0.00000 0.00001
0.13221 0.33333 0.35048 0.06848 0.00000 0.11550
0.51563 0.01695 0.14434 0.32308 0.00000 0.00000
0.20011 0.00514 0.00234 0.59750 0.00000 0.19491
0.00003 0.10885 0.00000 0.00000 0.51279 0.37833
0.40121 0.00108 0.00000 0.00000 0.31480 0.28291

observation: 6
0.48442 0.64892 0.23805 0.10154 0.00674 0.09475
0.00549 0.03990 0.46911 0.09613 0.09927 0.09423
0.00008 0.26549 0.18623 0.19615 0.10473 0.30582
0.51000 0.04567 0.10533 0.00000 0.00898 0.40214
0.00001 0.00002 0.00128 0.60618 0.00210 0.10305
0.00000 0.00000 0.00000 0.00000 0.77817 0.00000
