initial: 6
0.50319 0.49681 0.00000 0.00000 0.00000 0.00000

transition: 6
0.28645 0.47453 0.00819 0.22855 0.00004 0.00224
0.00430 0.50230 0.19864 0.00007 0.00000 0.29468
0.00376 0.00076 0.21208 0.77985 0.00015 0.00339
0.00025 0.00393 0.00589 0.25959 0.52569 0.20465
0.00000 0.00000 0.00000 0.00000 0.50093 0.49907
0.64773 0.00009 0.16384 0.18833 0.00000 0.00000

observation: 6
0.00007 0.29924 0.00561 0.10084 0.29827 0.09769
0.09403 0.39746 0.00003 0.10052 0.00000 0.10003
0.40872 0.19925 0.48561 0.29550 0.30264 0.00000
0.49718 0.10405 0.49983 0.40335 0.00000 0.00000
0.00000 0.00000 0.00892 0.09979 0.00000 0.80228
0.00000 0.00000 0.00000 0.00000 0.39909 0.00000
