initial: 6
0.72682 0.00000 0.08776 0.18542 0.00000 0.00000

transition: 6
0.30857 0.02399 0.46742 0.00367 0.00000 0.19635
0.00088 0.25023 0.73222 0.01667 0.00000 0.00000
0.00294 0.52678 0.16738 0.30289 0.00000 0.00001
0.00255 0.20362 0.00003 0.59216 0.00001 0.20163
0.10531 0.00000 0.00000 0.00000 0.51383 0.38086
0.00128 0.40412 0.00000 0.00000 0.30681 0.28779

observation: 6
0.99114 0.49275 0.28843 0.09318 0.00461 0.09678
0.00315 0.00732 0.42071 0.09844 0.10496 0.09420
0.00375 0.00880 0.20595 0.80835 0.09194 0.31317
0.00197 0.49113 0.08490 0.00003 0.01783 0.39637
0.00000 0.00000 0.00000 0.00000 0.00540 0.09948
0.00000 0.00000 0.00000 0.00000 0.77525 0.00000
