initial: 6
0.73283 0.00016 0.08219 0.18482 0.00000 0.00000

transition: 6
0.29677 0.03646 0.48317 0.00483 0.00000 0.17877
0.20883 0.21838 0.57031 0.00247 0.00000 0.00001
0.00629 0.51055 0.17414 0.30852 0.00000 0.00050
0.00157 0.20407 0.00020 0.59551 0.00000 0.19865
0.10783 0.00000 0.00000 0.00000 0.50509 0.38708
0.00340 0.39459 0.00000 0.00000 0.30847 0.29354

observation: 6
0.68987 0.49139 0.29375 0.09884 0.00261 0.09604
0.00609 0.00848 0.41024 0.09720 0.10254 0.09499
0.30183 0.00141 0.20158 0.19544 0.09724 0.30448
0.00217 0.49871 0.09360 0.00000 0.00547 0.40463
0.00004 0.00000 0.00083 0.60852 0.00260 0.09987
0.00000 0.00000 0.00000 0.00000 0.78953 0.00000
