initial: 6
0.72029 0.00283 0.08971 0.18718 0.00000 0.00000

transition: 6
0.29557 0.01293 0.50215 0.00118 0.00000 0.18818
0.20083 0.20303 0.59591 0.00017 0.00005 0.00001
0.00351 0.49777 0.19747 0.30111 0.00000 0.00014
0.00026 0.20207 0.00017 0.59741 0.00000 0.20008
0.10736 0.00000 0.00000 0.00000 0.50160 0.39104
0.00077 0.39441 0.00000 0.00000 0.30474 0.30008

observation: 6
0.69500 0.49701 0.30127 0.10001 0.00048 0.09782
0.00205 0.00170 0.39997 0.09912 0.10262 0.09713
0.30290 0.00038 0.20029 0.19600 0.09785 0.30212
0.00004 0.50091 0.09827 0.00000 0.00226 0.40383
0.00000 0.00000 0.00021 0.60487 0.00292 0.09910
0.00000 0.00000 0.00000 0.00000 0.79387 0.00000
