initial: 6
0.00000 0.14390 0.06513 0.20927 0.00000 0.58170

transition: 6
0.18496 0.36587 0.44909 0.00006 0.00000 0.00002
0.14128 0.34887 0.32614 0.07827 0.00000 0.10545
0.52107 0.01848 0.13360 0.32684 0.00000 0.00000
0.19956 0.00648 0.00271 0.59698 0.00000 0.19427
0.00008 0.10953 0.00000 0.00000 0.51477 0.37562
0.40167 0.00154 0.00000 0.00000 0.31701 0.27978

observation: 6
0.48171 0.63871 0.22283 0.10157 0.00776 0.09469
0.00602 0.04777 0.48546 0.09568 0.09894 0.09336
0.00012 0.25575 0.18483 0.19590 0.10575 0.30730
0.51213 0.05774 0.10525 0.00000 0.01013 0.40132
0.00002 0.00003 0.00162 0.60685 0.00223 0.10334
0.00000 0.00000 0.00000 0.00000 0.77519 0.00000
