initial: 6
0.73082 0.00000 0.08489 0.18429 0.00000 0.00000

transition: 6
0.30864 0.03392 0.45693 0.00479 0.00000 0.19572
0.00115 0.27154 0.70611 0.02120 0.00000 0.00000
0.00401 0.53667 0.15416 0.30516 0.00000 0.00001
0.00379 0.20401 0.00004 0.59004 0.00002 0.20210
0.10559 0.00000 0.00000 0.00000 0.51882 0.37559
0.00194 0.40698 0.00000 0.00000 0.30906 0.28202

observation: 6
0.98834 0.49041 0.28375 0.09105 0.00583 0.09606
0.00395 0.01038 0.42932 0.09791 0.10526 0.09296
0.00458 0.01094 0.20993 0.81100 0.09266 0.31437
0.00312 0.48827 0.07700 0.00004 0.02170 0.39697
0.00000 0.00000 0.00000 0.00000 0.00641 0.09964
0.00000 0.00000 0.00000 0.00000 0.76815 0.00000
