initial: 6
0.71967 0.00014 0.09233 0.18786 0.00000 0.00000

transition: 6
0.30844 0.00301 0.49078 0.00086 0.00000 0.19691
0.00068 0.20350 0.79269 0.00313 0.00000 0.00000
0.00080 0.50170 0.19882 0.29867 0.00000 0.00000
0.00016 0.20160 0.00001 0.59718 0.00000 0.20105
0.10489 0.00000 0.00000 0.00000 0.50114 0.39397
0.00016 0.39639 0.00000 0.00000 0.30120 0.30225

observation: 6
0.99560 0.49779 0.29747 0.09798 0.00108 0.09879
0.00220 0.00069 0.40166 0.09954 0.10435 0.09710
0.00219 0.00304 0.20026 0.80248 0.09127 0.30950
0.00001 0.49848 0.10062 0.00000 0.00707 0.39559
0.00000 0.00000 0.00000 0.00000 0.00290 0.09901
0.00000 0.00000 0.00000 0.00000 0.79332 0.00000
