initial: 6
0.50785 0.49215 0.00000 0.00000 0.00000 0.00000

transition: 6
0.29151 0.50746 0.00719 0.19294 0.00000 0.00089
0.00144 0.50154 0.19871 0.00000 0.00000 0.29831
0.00205 0.00029 0.20369 0.78833 0.00001 0.00563
0.00013 0.00158 0.00451 0.27935 0.51414 0.20028
0.00000 0.00000 0.00000 0.00000 0.50080 0.49920
0.59936 0.00001 0.20657 0.19406 0.00000 0.00000

observation: 6
0.00008 0.29988 0.00203 0.10022 0.29865 0.09827
0.09987 0.39660 0.00000 0.10148 0.00000 0.10059
0.40451 0.19993 0.48951 0.29573 0.30236 0.00000
0.49555 0.10359 0.50620 0.40263 0.00000 0.00000
0.00000 0.00000 0.00226 0.09994 0.00000 0.80114
0.00000 0.00000 0.00000 0.00000 0.39899 0.00000
