initial: 6
0.30410 0.03817 0.13749 0.24720 0.05206 0.22099

transition: 6
0.47239 0.45132 0.04854 0.00877 0.00757 0.01142
0.19091 0.51912 0.24684 0.03365 0.00306 0.00643
0.20054 0.10304 0.22262 0.43101 0.01812 0.02467
0.22966 0.08753 0.06580 0.50359 0.07215 0.04128
0.05163 0.02807 0.00636 0.00612 0.62237 0.28545
0.30047 0.06055 0.00898 0.00332 0.23967 0.38701

observation: 6
0.37261 0.51155 0.19386 0.05824 0.02668 0.07147
0.09650 0.17868 0.30792 0.04240 0.09541 0.06360
0.13773 0.11047 0.25555 0.17571 0.17748 0.25839
0.39134 0.19749 0.05972 0.04397 0.13686 0.28503
0.00181 0.00182 0.18295 0.67966 0.03594 0.02855
0.00001 0.00000 0.00000 0.00001 0.52764 0.29296
