initial: 6
0.60666 0.11491 0.12308 0.15533 0.00002 0.00000

transition: 6
0.47417 0.42951 0.06246 0.01538 0.00740 0.01109
0.19697 0.52324 0.23577 0.03219 0.00442 0.00740
0.17739 0.12339 0.22542 0.43572 0.01618 0.02190
0.20158 0.11025 0.06047 0.52019 0.06837 0.03913
0.04849 0.02536 0.00697 0.00605 0.58160 0.33152
0.28562 0.05677 0.01017 0.00289 0.20623 0.43832

observation: 6
0.45934 0.44378 0.22942 0.05844 0.02565 0.04774
0.07977 0.18808 0.31590 0.04507 0.09283 0.07136
0.17669 0.09835 0.24000 0.17476 0.21042 0.18989
0.28176 0.26748 0.07083 0.03927 0.14542 0.28086
0.00244 0.00232 0.14386 0.68246 0.04377 0.02200
0.00000 0.00000 0.00000 0.00000 0.48191 0.38815
