initial: 6
1.00000 0.00000 0.00000 0.00000 0.00000 0.00000

transition: 6
0.50835 0.23582 0.10737 0.14745 0.00052 0.00050
0.04936 0.36935 0.42207 0.15357 0.00286 0.00279
0.00743 0.03511 0.31793 0.56047 0.04211 0.03695
0.00057 0.00839 0.08774 0.43755 0.35031 0.11544
0.08827 0.28871 0.01055 0.00000 0.18835 0.42412
0.23774 0.31811 0.01105 0.00000 0.06669 0.36641

observation: 6
0.30574 0.03701 0.02391 0.08965 0.01488 0.00006
0.25608 0.05761 0.02878 0.08821 0.01571 0.00017
0.43794 0.89906 0.63283 0.23217 0.02983 0.05373
0.00009 0.00617 0.30767 0.49454 0.00379 0.00000
0.00000 0.00005 0.00681 0.09537 0.00532 0.00000
0.00014 0.00011 0.00000 0.00007 0.93048 0.94603
