initial: 6
0.71962 0.00020 0.09224 0.18794 0.00000 0.00000

transition: 6
0.30850 0.00260 0.49126 0.00074 0.00000 0.19691
0.00072 0.20277 0.79379 0.00272 0.00000 0.00000
0.00073 0.50117 0.19941 0.29868 0.00000 0.00000
0.00012 0.20156 0.00001 0.59730 0.00000 0.20101
0.10489 0.00000 0.00000 0.00000 0.50067 0.39444
0.00014 0.39610 0.00000 0.00000 0.30104 0.30273

observation: 6
0.99559 0.49793 0.29754 0.09808 0.00096 0.09884
0.00223 0.00056 0.40131 0.09957 0.10433 0.09718
0.00217 0.00285 0.20031 0.80235 0.09123 0.30939
0.00000 0.49865 0.10083 0.00000 0.00666 0.39559
0.00000 0.00000 0.00000 0.00000 0.00280 0.09901
0.00000 0.00000 0.00000 0.00000 0.79402 0.00000
