initial: 6
0.71988 0.00005 0.09238 0.18769 0.00000 0.00000

transition: 6
0.30833 0.00409 0.48955 0.00112 0.00000 0.19692
0.00062 0.20554 0.78972 0.00412 0.00000 0.00000
0.00096 0.50310 0.19724 0.29870 0.00000 0.00000
0.00028 0.20171 0.00001 0.59688 0.00000 0.20111
0.10488 0.00000 0.00000 0.00000 0.50221 0.39290
0.00022 0.39706 0.00000 0.00000 0.30160 0.30111

observation: 6
0.99554 0.49745 0.29721 0.09771 0.00138 0.09867
0.00217 0.00104 0.40258 0.09945 0.10440 0.09691
0.00226 0.00348 0.20022 0.80283 0.09135 0.30977
0.00003 0.49803 0.10000 0.00000 0.00800 0.39562
0.00000 0.00000 0.00000 0.00000 0.00312 0.09903
0.00000 0.00000 0.00000 0.00000 0.79177 0.00000
