initial: 6
0.00000 0.11037 0.09153 0.21002 0.00000 0.58808

transition: 6
0.20287 0.22219 0.57493 0.00001 0.00000 0.00000
0.04629 0.28997 0.48121 0.00897 0.00000 0.17356
0.49745 0.00871 0.18659 0.30725 0.00000 0.00000
0.20044 0.00119 0.00140 0.59847 0.00000 0.19850
0.00000 0.10436 0.00000 0.00000 0.50517 0.39047
0.39878 0.00016 0.00000 0.00000 0.30582 0.29523

observation: 6
0.49290 0.68859 0.29391 0.10057 0.00133 0.09793
0.00303 0.00857 0.40931 0.09822 0.10195 0.09594
0.00001 0.29547 0.19772 0.19632 0.09996 0.30171
0.50406 0.00736 0.09866 0.00000 0.00516 0.40276
0.00000 0.00000 0.00039 0.60489 0.00205 0.10165
0.00000 0.00000 0.00000 0.00000 0.78956 0.00000
