initial: 6
0.49132 0.50868 0.00000 0.00000 0.00000 0.00000

transition: 6
0.27395 0.42292 0.01213 0.28851 0.00030 0.00219
0.00705 0.50520 0.20094 0.00027 0.00008 0.28645
0.00785 0.00211 0.21712 0.76920 0.00061 0.00311
0.00050 0.00714 0.00829 0.24635 0.53157 0.20615
0.00000 0.00000 0.00000 0.00000 0.50088 0.49912
0.74466 0.00021 0.07106 0.18407 0.00000 0.00000

observation: 6
0.00014 0.29732 0.00972 0.10179 0.29820 0.09720
0.08299 0.39923 0.00033 0.09930 0.00000 0.09941
0.41764 0.19829 0.47499 0.29590 0.30255 0.00000
0.49923 0.10517 0.48682 0.40356 0.00000 0.00000
0.00000 0.00000 0.02814 0.09946 0.00000 0.80339
0.00000 0.00000 0.00000 0.00000 0.39924 0.00000
