initial: 6
0.76604 0.00000 0.05690 0.17707 0.00000 0.00000

transition: 6
0.29915 0.13082 0.41096 0.00828 0.00002 0.15077
0.22228 0.33013 0.42381 0.02373 0.00000 0.00005
0.02126 0.59117 0.02606 0.35603 0.00034 0.00515
0.01290 0.20294 0.00480 0.58157 0.00018 0.19761
0.10652 0.00010 0.00000 0.00000 0.52675 0.36663
0.02866 0.38994 0.00000 0.00000 0.32104 0.26035

observation: 6
0.67340 0.45931 0.25644 0.08866 0.00860 0.09419
0.01947 0.05283 0.46667 0.09011 0.10812 0.07804
0.29816 0.00680 0.22452 0.19260 0.10427 0.30548
0.00840 0.48083 0.04317 0.00000 0.01364 0.42092
0.00057 0.00023 0.00921 0.62863 0.00515 0.10137
0.00000 0.00000 0.00000 0.00000 0.76022 0.00001
