initial: 6
0.77498 0.00000 0.07842 0.14661 0.00000 0.00000

transition: 6
0.32850 0.25589 0.30391 0.00486 0.00257 0.10427
0.22194 0.45788 0.29239 0.02743 0.00003 0.00033
0.05790 0.49760 0.00335 0.39371 0.00228 0.04516
0.05195 0.15128 0.07474 0.49685 0.00222 0.22297
0.10317 0.00255 0.00000 0.00000 0.57455 0.31973
0.15149 0.30226 0.00006 0.00000 0.32066 0.22553

observation: 6
0.69809 0.38765 0.21950 0.06790 0.02048 0.07914
0.01855 0.12464 0.48874 0.01329 0.10791 0.07186
0.25778 0.03295 0.25542 0.16154 0.14003 0.27065
0.02270 0.45271 0.00517 0.00017 0.01906 0.48115
0.00287 0.00204 0.03118 0.75711 0.01600 0.09583
0.00000 0.00000 0.00000 0.00000 0.69652 0.00138
