initial: 6
0.50762 0.49238 0.00000 0.00000 0.00000 0.00000

transition: 6
0.29188 0.50802 0.00664 0.19304 0.00000 0.00042
0.00080 0.50190 0.19883 0.00000 0.00000 0.29847
0.00219 0.00020 0.20260 0.78873 0.00000 0.00628
0.00014 0.00114 0.00444 0.28140 0.51292 0.19996
0.00000 0.00000 0.00000 0.00000 0.50079 0.49921
0.59868 0.00000 0.20653 0.19479 0.00000 0.00000

observation: 6
0.00017 0.29980 0.00152 0.10012 0.29873 0.09836
0.09987 0.39658 0.00000 0.10145 0.00000 0.10062
0.40445 0.19996 0.49018 0.29586 0.30231 0.00000
0.49551 0.10366 0.50661 0.40262 0.00000 0.00000
0.00000 0.00000 0.00169 0.09995 0.00000 0.80102
0.00000 0.00000 0.00000 0.00000 0.39896 0.00000
