initial: 6
0.72927 0.00000 0.08601 0.18472 0.00000 0.00000

transition: 6
0.30864 0.03013 0.46088 0.00435 0.00000 0.19600
0.00104 0.26360 0.71579 0.01957 0.00000 0.00000
0.00358 0.53303 0.15908 0.30431 0.00000 0.00001
0.00330 0.20391 0.00003 0.59084 0.00002 0.20190
0.10548 0.00000 0.00000 0.00000 0.51691 0.37761
0.00167 0.40590 0.00000 0.00000 0.30821 0.28422

observation: 6
0.98944 0.49133 0.28552 0.09186 0.00537 0.09632
0.00362 0.00921 0.42610 0.09812 0.10514 0.09344
0.00426 0.01014 0.20839 0.80999 0.09235 0.31393
0.00268 0.48932 0.08000 0.00004 0.02025 0.39672
0.00000 0.00000 0.00000 0.00000 0.00602 0.09958
0.00000 0.00000 0.00000 0.00000 0.77087 0.00000
