initial: 6
0.50086 0.49914 0.00000 0.00000 0.00000 0.00000

transition: 6
0.28440 0.46328 0.00865 0.24135 0.00006 0.00227
0.00476 0.50303 0.19874 0.00009 0.00001 0.29337
0.00430 0.00091 0.21313 0.77823 0.00019 0.00323
0.00029 0.00445 0.00622 0.25620 0.52753 0.20532
0.00000 0.00000 0.00000 0.00000 0.50092 0.49908
0.66641 0.00011 0.14610 0.18738 0.00000 0.00000

observation: 6
0.00008 0.29884 0.00645 0.10099 0.29824 0.09758
0.09174 0.39775 0.00004 0.10019 0.00000 0.09989
0.41044 0.19906 0.48453 0.29561 0.30264 0.00000
0.49773 0.10435 0.49764 0.40349 0.00000 0.00000
0.00000 0.00000 0.01133 0.09971 0.00000 0.80254
0.00000 0.00000 0.00000 0.00000 0.39911 0.00000
