initial: 6
0.71823 0.00254 0.09172 0.18751 0.00000 0.00000

transition: 6
0.29583 0.00844 0.50593 0.00043 0.00000 0.18937
0.19907 0.20144 0.59913 0.00001 0.00034 0.00001
0.00268 0.49647 0.20086 0.29996 0.00000 0.00003
0.00003 0.20204 0.00045 0.59753 0.00000 0.19994
0.10739 0.00000 0.00000 0.00000 0.50043 0.39219
0.00024 0.39459 0.00000 0.00000 0.30411 0.30107

observation: 6
0.69583 0.49809 0.30229 0.10015 0.00006 0.09746
0.00126 0.00069 0.39849 0.09933 0.10278 0.09741
0.30290 0.00017 0.20039 0.19620 0.09773 0.30225
0.00000 0.50105 0.09873 0.00000 0.00105 0.40379
0.00000 0.00000 0.00010 0.60433 0.00290 0.09910
0.00000 0.00000 0.00000 0.00000 0.79547 0.00000
