initial: 6
0.00000 0.11649 0.08674 0.20989 0.00000 0.58687

transition: 6
0.20188 0.24151 0.55660 0.00001 0.00000 0.00000
0.07008 0.29582 0.45306 0.02102 0.00000 0.16001
0.50027 0.01065 0.17815 0.31093 0.00000 0.00000
0.20058 0.00191 0.00158 0.59835 0.00000 0.19758
0.00000 0.10574 0.00000 0.00000 0.50680 0.38746
0.39934 0.00029 0.00000 0.00000 0.30785 0.29252

observation: 6
0.49122 0.68041 0.28493 0.10080 0.00261 0.09676
0.00371 0.01480 0.41922 0.09765 0.10119 0.09583
0.00002 0.29116 0.19528 0.19634 0.10102 0.30226
0.50505 0.01362 0.10003 0.00000 0.00596 0.40312
0.00000 0.00001 0.00054 0.60521 0.00200 0.10203
0.00000 0.00000 0.00000 0.00000 0.78721 0.00000
