initial: 6
0.72363 0.00252 0.08728 0.18657 0.00000 0.00000

transition: 6
0.29558 0.01976 0.49676 0.00230 0.00000 0.18559
0.20311 0.20645 0.58980 0.00063 0.00001 0.00001
0.00445 0.50053 0.19197 0.30281 0.00000 0.00025
0.00065 0.20248 0.00015 0.59694 0.00000 0.19978
0.10750 0.00000 0.00000 0.00000 0.50280 0.38970
0.00152 0.39451 0.00000 0.00000 0.30581 0.29817

observation: 6
0.69372 0.49546 0.29944 0.09971 0.00118 0.09731
0.00307 0.00335 0.40249 0.09860 0.10250 0.09666
0.30269 0.00068 0.20043 0.19578 0.09778 0.30267
0.00051 0.50051 0.09728 0.00000 0.00344 0.40398
0.00001 0.00000 0.00037 0.60591 0.00278 0.09938
0.00000 0.00000 0.00000 0.00000 0.79233 0.00000
