initial: 6
0.49764 0.50236 0.00000 0.00000 0.00000 0.00000

transition: 6
0.28138 0.44905 0.00942 0.25778 0.00010 0.00227
0.00537 0.50395 0.19910 0.00012 0.00002 0.29145
0.00513 0.00117 0.21447 0.77585 0.00027 0.00311
0.00034 0.00517 0.00671 0.25244 0.52941 0.20594
0.00000 0.00000 0.00000 0.00000 0.50090 0.49910
0.69181 0.00014 0.12180 0.18625 0.00000 0.00000

observation: 6
0.00010 0.29829 0.00754 0.10122 0.29822 0.09745
0.08875 0.39814 0.00008 0.09983 0.00000 0.09972
0.41281 0.19883 0.48248 0.29576 0.30262 0.00000
0.49835 0.10474 0.49457 0.40359 0.00000 0.00000
0.00000 0.00000 0.01533 0.09959 0.00000 0.80284
0.00000 0.00000 0.00000 0.00000 0.39916 0.00000
