initial: 6
0.73296 0.00015 0.08209 0.18480 0.00000 0.00000

transition: 6
0.29680 0.03670 0.48297 0.00486 0.00000 0.17867
0.20891 0.21859 0.56998 0.00250 0.00000 0.00001
0.00632 0.51074 0.17383 0.30862 0.00000 0.00050
0.00158 0.20410 0.00020 0.59549 0.00000 0.19864
0.10783 0.00000 0.00000 0.00000 0.50512 0.38704
0.00343 0.39459 0.00000 0.00000 0.30850 0.29347

observation: 6
0.68981 0.49133 0.29365 0.09882 0.00263 0.09602
0.00614 0.00857 0.41037 0.09718 0.10255 0.09495
0.30182 0.00142 0.20160 0.19544 0.09723 0.30450
0.00218 0.49868 0.09353 0.00000 0.00550 0.40464
0.00004 0.00000 0.00084 0.60856 0.00260 0.09988
0.00000 0.00000 0.00000 0.00000 0.78949 0.00000
