initial: 6
0.50534 0.49466 0.00000 0.00000 0.00000 0.00000

transition: 6
0.28831 0.48623 0.00783 0.21546 0.00002 0.00215
0.00379 0.50162 0.19862 0.00005 0.00000 0.29592
0.00325 0.00063 0.21081 0.78155 0.00011 0.00364
0.00022 0.00339 0.00556 0.26375 0.52335 0.20373
0.00000 0.00000 0.00000 0.00000 0.50093 0.49907
0.62954 0.00007 0.18092 0.18947 0.00000 0.00000

observation: 6
0.00006 0.29960 0.00473 0.10071 0.29832 0.09781
0.09631 0.39715 0.00002 0.10088 0.00000 0.10019
0.40707 0.19946 0.48646 0.29542 0.30262 0.00000
0.49656 0.10379 0.50195 0.40314 0.00000 0.00000
0.00000 0.00000 0.00684 0.09986 0.00000 0.80199
0.00000 0.00000 0.00000 0.00000 0.39907 0.00000
