initial: 6
0.72010 0.00003 0.09231 0.18756 0.00000 0.00000

transition: 6
0.30827 0.00504 0.48846 0.00131 0.00000 0.19692
0.00060 0.20744 0.78703 0.00493 0.00000 0.00000
0.00108 0.50434 0.19580 0.29878 0.00000 0.00000
0.00039 0.20182 0.00001 0.59663 0.00000 0.20115
0.10489 0.00000 0.00000 0.00000 0.50303 0.39208
0.00027 0.39758 0.00000 0.00000 0.30192 0.30022

observation: 6
0.99543 0.49716 0.29692 0.09748 0.00161 0.09856
0.00217 0.00135 0.40342 0.09939 0.10443 0.09676
0.00232 0.00383 0.20026 0.80313 0.09139 0.30999
0.00007 0.49766 0.09940 0.00000 0.00870 0.39565
0.00000 0.00000 0.00000 0.00000 0.00328 0.09904
0.00000 0.00000 0.00000 0.00000 0.79059 0.00000
