initial: 6
0.50794 0.49206 0.00000 0.00000 0.00000 0.00000

transition: 6
0.29120 0.50649 0.00740 0.19364 0.00000 0.00127
0.00195 0.50128 0.19866 0.00001 0.00000 0.29810
0.00216 0.00036 0.20500 0.78735 0.00003 0.00511
0.00014 0.00192 0.00466 0.27694 0.51561 0.20074
0.00000 0.00000 0.00000 0.00000 0.50083 0.49917
0.60071 0.00002 0.20602 0.19326 0.00000 0.00000

observation: 6
0.00005 0.29992 0.00246 0.10031 0.29858 0.09819
0.09979 0.39660 0.00000 0.10148 0.00000 0.10055
0.40459 0.19990 0.48887 0.29562 0.30241 0.00000
0.49556 0.10358 0.50580 0.40266 0.00000 0.00000
0.00000 0.00000 0.00288 0.09994 0.00000 0.80126
0.00000 0.00000 0.00000 0.00000 0.39902 0.00000
