initial: 6
0.00000 0.11272 0.08973 0.20997 0.00000 0.58758

transition: 6
0.20259 0.22928 0.56813 0.00001 0.00000 0.00000
0.05584 0.29197 0.47053 0.01332 0.00000 0.16834
0.49844 0.00948 0.18336 0.30872 0.00000 0.00000
0.20050 0.00148 0.00147 0.59842 0.00000 0.19813
0.00000 0.10494 0.00000 0.00000 0.50582 0.38924
0.39901 0.00021 0.00000 0.00000 0.30663 0.29415

observation: 6
0.49224 0.68539 0.29068 0.10065 0.00183 0.09744
0.00331 0.01095 0.41293 0.09798 0.10164 0.09591
0.00001 0.29396 0.19681 0.19632 0.10038 0.30190
0.50443 0.00969 0.09913 0.00000 0.00549 0.40294
0.00000 0.00001 0.00045 0.60504 0.00203 0.10181
0.00000 0.00000 0.00000 0.00000 0.78863 0.00000
