initial: 6
0.72219 0.00278 0.08820 0.18683 0.00000 0.00000

transition: 6
0.29551 0.01702 0.49894 0.00185 0.00000 0.18669
0.20217 0.20499 0.59240 0.00042 0.00001 0.00001
0.00410 0.49931 0.19430 0.30209 0.00000 0.00021
0.00049 0.20229 0.00015 0.59714 0.00000 0.19993
0.10743 0.00000 0.00000 0.00000 0.50236 0.39021
0.00122 0.39446 0.00000 0.00000 0.30537 0.29895

observation: 6
0.69427 0.49609 0.30021 0.09984 0.00090 0.09755
0.00266 0.00266 0.40143 0.09881 0.10254 0.09686
0.30282 0.00056 0.20035 0.19586 0.09782 0.30242
0.00025 0.50069 0.09771 0.00000 0.00301 0.40392
0.00001 0.00000 0.00030 0.60549 0.00284 0.09926
0.00000 0.00000 0.00000 0.00000 0.79289 0.00000
