initial: 6
0.00000 0.10923 0.09238 0.21005 0.00000 0.58834

transition: 6
0.20295 0.21893 0.57811 0.00001 0.00000 0.00000
0.04145 0.28914 0.48628 0.00706 0.00000 0.17607
0.49702 0.00832 0.18815 0.30651 0.00000 0.00000
0.20041 0.00105 0.00136 0.59850 0.00000 0.19868
0.00000 0.10405 0.00000 0.00000 0.50483 0.39112
0.39865 0.00014 0.00000 0.00000 0.30541 0.29579

observation: 6
0.49323 0.69018 0.29537 0.10053 0.00108 0.09820
0.00287 0.00744 0.40765 0.09835 0.10210 0.09595
0.00001 0.29613 0.19814 0.19632 0.09975 0.30163
0.50388 0.00625 0.09847 0.00000 0.00498 0.40266
0.00000 0.00000 0.00036 0.60480 0.00206 0.10157
0.00000 0.00000 0.00000 0.00000 0.79003 0.00000
