initial: 6
0.72234 0.00000 0.09090 0.18676 0.00000 0.00000

transition: 6
0.30827 0.01205 0.48056 0.00235 0.00000 0.19679
0.00065 0.22300 0.76640 0.00995 0.00000 0.00000
0.00181 0.51320 0.18492 0.30007 0.00000 0.00000
0.00119 0.20262 0.00001 0.59488 0.00000 0.20130
0.10501 0.00000 0.00000 0.00000 0.50761 0.38739
0.00063 0.40043 0.00000 0.00000 0.30392 0.29503

observation: 6
0.99410 0.49541 0.29407 0.09582 0.00293 0.09781
0.00241 0.00360 0.40982 0.09902 0.10464 0.09573
0.00283 0.00593 0.20176 0.80515 0.09152 0.31137
0.00066 0.49506 0.09435 0.00001 0.01266 0.39588
0.00000 0.00000 0.00000 0.00000 0.00417 0.09921
0.00000 0.00000 0.00000 0.00000 0.78407 0.00000
