initial: 6
0.71966 0.00015 0.09231 0.18788 0.00000 0.00000

transition: 6
0.30845 0.00292 0.49089 0.00083 0.00000 0.19691
0.00068 0.20334 0.79294 0.00304 0.00000 0.00000
0.00079 0.50159 0.19896 0.29867 0.00000 0.00000
0.00016 0.20159 0.00001 0.59721 0.00000 0.20104
0.10489 0.00000 0.00000 0.00000 0.50104 0.39407
0.00016 0.39633 0.00000 0.00000 0.30117 0.30235

observation: 6
0.99560 0.49782 0.29749 0.09800 0.00106 0.09880
0.00221 0.00066 0.40158 0.09954 0.10435 0.09712
0.00219 0.00300 0.20027 0.80245 0.09126 0.30947
0.00001 0.49852 0.10066 0.00000 0.00698 0.39559
0.00000 0.00000 0.00000 0.00000 0.00288 0.09901
0.00000 0.00000 0.00000 0.00000 0.79347 0.00000
