initial: 6
0.00000 0.10750 0.09364 0.21010 0.00000 0.58876

transition: 6
0.20301 0.21412 0.58286 0.00000 0.00000 0.00000
0.03365 0.28809 0.49397 0.00442 0.00000 0.17988
0.49644 0.00769 0.19055 0.30532 0.00000 0.00000
0.20037 0.00081 0.00129 0.59856 0.00000 0.19897
0.00000 0.10353 0.00000 0.00000 0.50428 0.39219
0.39844 0.00011 0.00000 0.00000 0.30475 0.29670

observation: 6
0.49376 0.69268 0.29749 0.10049 0.00069 0.09862
0.00261 0.00572 0.40521 0.09857 0.10236 0.09596
0.00001 0.29703 0.19875 0.19634 0.09941 0.30151
0.50363 0.00457 0.09824 0.00000 0.00466 0.40249
0.00000 0.00000 0.00031 0.60461 0.00207 0.10142
0.00000 0.00000 0.00000 0.00000 0.79081 0.00000
