initial: 6
0.00000 0.11228 0.09006 0.20998 0.00000 0.58767

transition: 6
0.20265 0.22794 0.56940 0.00001 0.00000 0.00000
0.05413 0.29158 0.47251 0.01249 0.00000 0.16930
0.49825 0.00934 0.18395 0.30845 0.00000 0.00000
0.20049 0.00143 0.00146 0.59843 0.00000 0.19820
0.00000 0.10484 0.00000 0.00000 0.50570 0.38946
0.39897 0.00020 0.00000 0.00000 0.30649 0.29434

observation: 6
0.49236 0.68598 0.29129 0.10064 0.00174 0.09753
0.00326 0.01051 0.41225 0.09802 0.10170 0.09592
0.00001 0.29425 0.19698 0.19632 0.10030 0.30186
0.50436 0.00926 0.09904 0.00000 0.00544 0.40291
0.00000 0.00001 0.00044 0.60502 0.00204 0.10178
0.00000 0.00000 0.00000 0.00000 0.78879 0.00000
