initial: 6
0.50794 0.49206 0.00000 0.00000 0.00000 0.00000

transition: 6
0.29123 0.50660 0.00739 0.19354 0.00000 0.00124
0.00191 0.50130 0.19867 0.00001 0.00000 0.29812
0.00215 0.00035 0.20489 0.78744 0.00003 0.00515
0.00014 0.00189 0.00465 0.27714 0.51548 0.20070
0.00000 0.00000 0.00000 0.00000 0.50083 0.49917
0.60056 0.00002 0.20610 0.19332 0.00000 0.00000

observation: 6
0.00006 0.29992 0.00242 0.10031 0.29858 0.09820
0.09980 0.39660 0.00000 0.10148 0.00000 0.10055
0.40458 0.19991 0.48892 0.29562 0.30240 0.00000
0.49556 0.10358 0.50583 0.40265 0.00000 0.00000
0.00000 0.00000 0.00282 0.09994 0.00000 0.80125
0.00000 0.00000 0.00000 0.00000 0.39902 0.00000
