initial: 6
0.85912 0.00000 0.00078 0.14010 0.00000 0.00000

transition: 6
0.25525 0.40093 0.22700 0.07054 0.00379 0.04250
0.12181 0.60365 0.24626 0.02784 0.00004 0.00039
0.19069 0.23011 0.08663 0.45101 0.00052 0.04104
0.08799 0.05612 0.02616 0.53560 0.03195 0.26219
0.11475 0.00294 0.00006 0.00026 0.68753 0.19446
0.18615 0.42331 0.01669 0.00010 0.25647 0.11728

observation: 6
0.86073 0.29417 0.20041 0.06118 0.03413 0.08030
0.04771 0.21202 0.40713 0.04462 0.12223 0.02260
0.06861 0.08670 0.32555 0.88657 0.16649 0.19105
0.02294 0.40711 0.06691 0.00762 0.07687 0.61954
0.00000 0.00000 0.00000 0.00001 0.03707 0.08610
0.00000 0.00000 0.00000 0.00000 0.56321 0.00041
