initial: 6
0.71966 0.00015 0.09231 0.18788 0.00000 0.00000

transition: 6
0.30846 0.00288 0.49093 0.00082 0.00000 0.19691
0.00069 0.20327 0.79304 0.00300 0.00000 0.00000
0.00078 0.50154 0.19901 0.29867 0.00000 0.00000
0.00015 0.20158 0.00001 0.59722 0.00000 0.20104
0.10489 0.00000 0.00000 0.00000 0.50100 0.39411
0.00015 0.39630 0.00000 0.00000 0.30115 0.30240

observation: 6
0.99560 0.49783 0.29749 0.09801 0.00105 0.09881
0.00221 0.00065 0.40155 0.09955 0.10435 0.09712
0.00219 0.00298 0.20027 0.80244 0.09126 0.30946
0.00001 0.49853 0.10068 0.00000 0.00694 0.39559
0.00000 0.00000 0.00000 0.00000 0.00287 0.09901
0.00000 0.00000 0.00000 0.00000 0.79353 0.00000
