initial: 6
0.72337 0.00000 0.09019 0.18644 0.00000 0.00000

transition: 6
0.30834 0.01490 0.47737 0.00268 0.00000 0.19671
0.00069 0.22959 0.75800 0.01172 0.00000 0.00000
0.00208 0.51663 0.18056 0.30073 0.00000 0.00000
0.00151 0.20291 0.00002 0.59420 0.00000 0.20136
0.10507 0.00000 0.00000 0.00000 0.50917 0.38576
0.00077 0.40137 0.00000 0.00000 0.30464 0.29321

observation: 6
0.99344 0.49477 0.29275 0.09518 0.00337 0.09754
0.00256 0.00450 0.41246 0.09888 0.10472 0.09535
0.00304 0.00666 0.20266 0.80592 0.09158 0.31185
0.00096 0.49406 0.09213 0.00001 0.01399 0.39598
0.00000 0.00000 0.00000 0.00000 0.00448 0.09928
0.00000 0.00000 0.00000 0.00000 0.78186 0.00000
