initial: 6
0.72569 0.00186 0.08629 0.18616 0.00000 0.00000

transition: 6
0.29579 0.02339 0.49384 0.00289 0.00000 0.18407
0.20439 0.20858 0.58606 0.00095 0.00000 0.00001
0.00489 0.50234 0.18863 0.30385 0.00000 0.00030
0.00085 0.20278 0.00015 0.59665 0.00000 0.19956
0.10759 0.00000 0.00000 0.00000 0.50334 0.38907
0.00192 0.39455 0.00000 0.00000 0.30640 0.29713

observation: 6
0.69293 0.49461 0.29832 0.09953 0.00152 0.09700
0.00365 0.00434 0.40400 0.09830 0.10247 0.09637
0.30246 0.00084 0.20058 0.19569 0.09769 0.30304
0.00094 0.50021 0.09664 0.00000 0.00395 0.40408
0.00002 0.00000 0.00046 0.60648 0.00271 0.09951
0.00000 0.00000 0.00000 0.00000 0.79166 0.00000
