initial: 6
0.00000 0.10545 0.09506 0.21018 0.00000 0.58930

transition: 6
0.20293 0.20874 0.58833 0.00000 0.00000 0.00000
0.02357 0.28728 0.50294 0.00188 0.00000 0.18432
0.49593 0.00684 0.19343 0.30380 0.00000 0.00000
0.20035 0.00049 0.00119 0.59865 0.00000 0.19932
0.00000 0.10282 0.00000 0.00000 0.50353 0.39365
0.39815 0.00006 0.00000 0.00000 0.30390 0.29790

observation: 6
0.49444 0.69579 0.29979 0.10046 0.00026 0.09916
0.00223 0.00370 0.40245 0.09889 0.10269 0.09594
0.00000 0.29791 0.19943 0.19637 0.09897 0.30140
0.50332 0.00260 0.09808 0.00000 0.00415 0.40229
0.00000 0.00000 0.00024 0.60429 0.00208 0.10122
0.00000 0.00000 0.00000 0.00000 0.79185 0.00000
