initial: 6
0.50780 0.49220 0.00000 0.00000 0.00000 0.00000

transition: 6
0.29076 0.50392 0.00749 0.19620 0.00000 0.00162
0.00250 0.50109 0.19865 0.00002 0.00000 0.29774
0.00238 0.00042 0.20678 0.78578 0.00005 0.00459
0.00016 0.00230 0.00489 0.27361 0.51760 0.20145
0.00000 0.00000 0.00000 0.00000 0.50086 0.49914
0.60421 0.00003 0.20352 0.19224 0.00000 0.00000

observation: 6
0.00005 0.29993 0.00301 0.10042 0.29849 0.09809
0.09943 0.39665 0.00001 0.10143 0.00000 0.10048
0.40486 0.19984 0.48812 0.29550 0.30247 0.00000
0.49565 0.10358 0.50516 0.40272 0.00000 0.00000
0.00000 0.00000 0.00371 0.09993 0.00000 0.80143
0.00000 0.00000 0.00000 0.00000 0.39904 0.00000
