initial: 6
0.00000 0.11930 0.08448 0.20983 0.00000 0.58639

transition: 6
0.20116 0.25128 0.54754 0.00002 0.00000 0.00000
0.07995 0.29913 0.43990 0.02710 0.00000 0.15392
0.50178 0.01149 0.17423 0.31250 0.00000 0.00000
0.20062 0.00224 0.00165 0.59830 0.00000 0.19719
0.00000 0.10625 0.00000 0.00000 0.50750 0.38625
0.39958 0.00035 0.00000 0.00000 0.30871 0.29137

observation: 6
0.49047 0.67674 0.28022 0.10092 0.00317 0.09634
0.00396 0.01772 0.42430 0.09743 0.10088 0.09574
0.00002 0.28880 0.19409 0.19635 0.10149 0.30256
0.50554 0.01673 0.10078 0.00000 0.00630 0.40319
0.00000 0.00001 0.00061 0.60531 0.00199 0.10217
0.00000 0.00000 0.00000 0.00000 0.78617 0.00000
