initial: 6
0.00000 0.11257 0.08984 0.20998 0.00000 0.58761

transition: 6
0.20261 0.22882 0.56856 0.00001 0.00000 0.00000
0.05526 0.29183 0.47120 0.01303 0.00000 0.16867
0.49837 0.00944 0.18356 0.30863 0.00000 0.00000
0.20049 0.00146 0.00147 0.59843 0.00000 0.19816
0.00000 0.10491 0.00000 0.00000 0.50578 0.38931
0.39900 0.00021 0.00000 0.00000 0.30658 0.29421

observation: 6
0.49228 0.68559 0.29089 0.10065 0.00180 0.09747
0.00330 0.01080 0.41269 0.09800 0.10166 0.09592
0.00001 0.29406 0.19687 0.19632 0.10035 0.30189
0.50440 0.00954 0.09910 0.00000 0.00547 0.40293
0.00000 0.00001 0.00045 0.60504 0.00203 0.10180
0.00000 0.00000 0.00000 0.00000 0.78868 0.00000
