initial: 6
0.71960 0.00041 0.09190 0.18808 0.00000 0.00000

transition: 6
0.30863 0.00181 0.49237 0.00048 0.00000 0.19671
0.00077 0.20164 0.79574 0.00184 0.00000 0.00000
0.00054 0.50023 0.20059 0.29864 0.00000 0.00000
0.00005 0.20166 0.00001 0.59753 0.00000 0.20076
0.10492 0.00000 0.00000 0.00000 0.49951 0.39557
0.00008 0.39545 0.00000 0.00000 0.30106 0.30341

observation: 6
0.99551 0.49825 0.29761 0.09812 0.00066 0.09889
0.00235 0.00030 0.40059 0.09965 0.10425 0.09734
0.00214 0.00244 0.20059 0.80223 0.09105 0.30920
0.00000 0.49901 0.10114 0.00000 0.00568 0.39566
0.00000 0.00000 0.00008 0.00000 0.00259 0.09892
0.00000 0.00000 0.00000 0.00000 0.79576 0.00000
