initial: 6
0.00000 0.10495 0.09541 0.21021 0.00000 0.58944

transition: 6
0.20288 0.20746 0.58966 0.00000 0.00000 0.00000
0.02088 0.28717 0.50516 0.00138 0.00000 0.18541
0.49583 0.00661 0.19416 0.30340 0.00000 0.00000
0.20035 0.00040 0.00116 0.59868 0.00000 0.19941
0.00000 0.10262 0.00000 0.00000 0.50333 0.39405
0.39806 0.00005 0.00000 0.00000 0.30367 0.29822

observation: 6
0.49462 0.69659 0.30034 0.10046 0.00017 0.09928
0.00213 0.00321 0.40179 0.09898 0.10278 0.09594
0.00000 0.29809 0.19959 0.19639 0.09886 0.30137
0.50325 0.00211 0.09806 0.00000 0.00399 0.40224
0.00000 0.00000 0.00022 0.60418 0.00208 0.10116
0.00000 0.00000 0.00000 0.00000 0.79213 0.00000
