initial: 6
0.76091 0.00000 0.05959 0.17950 0.00000 0.00000

transition: 6
0.30032 0.10795 0.42838 0.00841 0.00000 0.15494
0.22394 0.30229 0.45629 0.01745 0.00000 0.00003
0.01663 0.57974 0.05011 0.35016 0.00018 0.00318
0.00855 0.20715 0.00209 0.58625 0.00009 0.19587
0.10706 0.00004 0.00000 0.00000 0.52032 0.37259
0.01926 0.39303 0.00000 0.00000 0.31889 0.26881

observation: 6
0.67380 0.46656 0.26452 0.09263 0.00713 0.09448
0.01894 0.04462 0.45277 0.09206 0.10692 0.08127
0.30025 0.00529 0.21650 0.19399 0.10046 0.30765
0.00668 0.48343 0.06055 0.00000 0.01204 0.41536
0.00033 0.00010 0.00566 0.62132 0.00417 0.10124
0.00000 0.00000 0.00000 0.00000 0.76927 0.00000
