initial: 6
0.00000 0.11021 0.09165 0.21003 0.00000 0.58812

transition: 6
0.20288 0.22172 0.57539 0.00001 0.00000 0.00000
0.04561 0.28985 0.48193 0.00869 0.00000 0.17391
0.49738 0.00866 0.18681 0.30715 0.00000 0.00000
0.20043 0.00117 0.00139 0.59848 0.00000 0.19853
0.00000 0.10432 0.00000 0.00000 0.50512 0.39056
0.39876 0.00016 0.00000 0.00000 0.30577 0.29531

observation: 6
0.49295 0.68882 0.29412 0.10056 0.00129 0.09797
0.00301 0.00841 0.40907 0.09824 0.10197 0.09595
0.00001 0.29557 0.19778 0.19632 0.09993 0.30170
0.50403 0.00720 0.09864 0.00000 0.00514 0.40275
0.00000 0.00000 0.00039 0.60488 0.00205 0.10164
0.00000 0.00000 0.00000 0.00000 0.78962 0.00000
