initial: 6
0.72129 0.00285 0.08887 0.18699 0.00000 0.00000

transition: 6
0.29551 0.01516 0.50040 0.00154 0.00000 0.18740
0.20156 0.20406 0.59406 0.00029 0.00002 0.00001
0.00384 0.49856 0.19578 0.30163 0.00000 0.00018
0.00039 0.20218 0.00015 0.59727 0.00000 0.20001
0.10739 0.00000 0.00000 0.00000 0.50203 0.39057
0.00102 0.39443 0.00000 0.00000 0.30508 0.29948

observation: 6
0.69461 0.49651 0.30071 0.09992 0.00071 0.09769
0.00238 0.00221 0.40074 0.09896 0.10257 0.09699
0.30287 0.00048 0.20031 0.19592 0.09784 0.30226
0.00013 0.50080 0.09797 0.00000 0.00269 0.40388
0.00001 0.00000 0.00026 0.60521 0.00288 0.09918
0.00000 0.00000 0.00000 0.00000 0.79331 0.00000
