initial: 6
0.50768 0.49232 0.00000 0.00000 0.00000 0.00000

transition: 6
0.29180 0.50792 0.00679 0.19297 0.00000 0.00052
0.00095 0.50182 0.19880 0.00000 0.00000 0.29844
0.00211 0.00022 0.20281 0.78871 0.00000 0.00614
0.00014 0.00125 0.00444 0.28103 0.51313 0.20001
0.00000 0.00000 0.00000 0.00000 0.50079 0.49921
0.59879 0.00000 0.20656 0.19465 0.00000 0.00000

observation: 6
0.00014 0.29982 0.00164 0.10014 0.29872 0.09834
0.09988 0.39659 0.00000 0.10146 0.00000 0.10061
0.40446 0.19995 0.49004 0.29583 0.30232 0.00000
0.49552 0.10364 0.50652 0.40262 0.00000 0.00000
0.00000 0.00000 0.00180 0.09994 0.00000 0.80104
0.00000 0.00000 0.00000 0.00000 0.39897 0.00000
