initial: 6
0.71960 0.00038 0.09196 0.18806 0.00000 0.00000

transition: 6
0.30860 0.00192 0.49223 0.00053 0.00000 0.19672
0.00077 0.20180 0.79545 0.00198 0.00000 0.00000
0.00058 0.50037 0.20043 0.29862 0.00000 0.00000
0.00006 0.20166 0.00001 0.59750 0.00000 0.20077
0.10492 0.00000 0.00000 0.00000 0.49969 0.39539
0.00009 0.39556 0.00000 0.00000 0.30111 0.30324

observation: 6
0.99553 0.49819 0.29760 0.09809 0.00071 0.09887
0.00233 0.00034 0.40069 0.09964 0.10426 0.09731
0.00214 0.00251 0.20054 0.80227 0.09107 0.30924
0.00000 0.49896 0.10109 0.00000 0.00585 0.39565
0.00000 0.00000 0.00007 0.00000 0.00263 0.09892
0.00000 0.00000 0.00000 0.00000 0.79549 0.00000
