initial: 6
0.00000 0.10472 0.09556 0.21022 0.00000 0.58950

transition: 6
0.20285 0.20689 0.59025 0.00000 0.00000 0.00000
0.01966 0.28714 0.50615 0.00117 0.00000 0.18588
0.49580 0.00650 0.19448 0.30322 0.00000 0.00000
0.20035 0.00036 0.00115 0.59869 0.00000 0.19945
0.00000 0.10253 0.00000 0.00000 0.50323 0.39423
0.39802 0.00004 0.00000 0.00000 0.30357 0.29836

observation: 6
0.49471 0.69695 0.30057 0.10046 0.00014 0.09934
0.00208 0.00299 0.40150 0.09902 0.10281 0.09593
0.00000 0.29816 0.19966 0.19639 0.09880 0.30137
0.50321 0.00190 0.09806 0.00000 0.00391 0.40223
0.00000 0.00000 0.00021 0.60413 0.00207 0.10114
0.00000 0.00000 0.00000 0.00000 0.79226 0.00000
