initial: 6
0.00000 0.13057 0.07537 0.20954 0.00000 0.58451

transition: 6
0.19643 0.29677 0.50677 0.00003 0.00000 0.00000
0.11416 0.31637 0.38663 0.05228 0.00000 0.13057
0.50914 0.01477 0.15753 0.31856 0.00000 0.00000
0.20052 0.00372 0.00199 0.59796 0.00000 0.19580
0.00001 0.10788 0.00000 0.00000 0.51042 0.38169
0.40052 0.00068 0.00000 0.00000 0.31214 0.28667

observation: 6
0.48727 0.66134 0.25747 0.10134 0.00530 0.09516
0.00486 0.03012 0.44848 0.09666 0.09984 0.09508
0.00005 0.27676 0.18921 0.19632 0.10337 0.30419
0.50781 0.03175 0.10390 0.00000 0.00772 0.40289
0.00001 0.00002 0.00094 0.60568 0.00200 0.10268
0.00000 0.00000 0.00000 0.00000 0.78177 0.00000
