initial: 6
0.72348 0.00000 0.09012 0.18641 0.00000 0.00000

transition: 6
0.30835 0.01519 0.47705 0.00271 0.00000 0.19670
0.00070 0.23026 0.75716 0.01189 0.00000 0.00000
0.00210 0.51697 0.18012 0.30080 0.00000 0.00000
0.00154 0.20294 0.00002 0.59414 0.00000 0.20136
0.10508 0.00000 0.00000 0.00000 0.50933 0.38559
0.00079 0.40147 0.00000 0.00000 0.30471 0.29303

observation: 6
0.99337 0.49470 0.29262 0.09511 0.00341 0.09752
0.00258 0.00459 0.41273 0.09887 0.10472 0.09531
0.00306 0.00674 0.20275 0.80600 0.09159 0.31189
0.00099 0.49397 0.09190 0.00001 0.01412 0.39599
0.00000 0.00000 0.00000 0.00000 0.00451 0.09929
0.00000 0.00000 0.00000 0.00000 0.78164 0.00000
