initial: 6
0.00000 0.11250 0.08990 0.20998 0.00000 0.58763

transition: 6
0.20262 0.22860 0.56877 0.00001 0.00000 0.00000
0.05498 0.29177 0.47153 0.01289 0.00000 0.16883
0.49834 0.00941 0.18366 0.30858 0.00000 0.00000
0.20049 0.00145 0.00146 0.59843 0.00000 0.19817
0.00000 0.10489 0.00000 0.00000 0.50576 0.38935
0.39899 0.00021 0.00000 0.00000 0.30656 0.29424

observation: 6
0.49230 0.68569 0.29099 0.10065 0.00179 0.09748
0.00329 0.01072 0.41258 0.09800 0.10167 0.09592
0.00001 0.29411 0.19690 0.19632 0.10034 0.30188
0.50439 0.00947 0.09908 0.00000 0.00546 0.40292
0.00000 0.00001 0.00045 0.60503 0.00203 0.10179
0.00000 0.00000 0.00000 0.00000 0.78871 0.00000
