initial: 6
0.72211 0.00279 0.08825 0.18684 0.00000 0.00000

transition: 6
0.29550 0.01686 0.49906 0.00182 0.00000 0.18675
0.20212 0.20490 0.59255 0.00041 0.00001 0.00001
0.00408 0.49924 0.19443 0.30205 0.00000 0.00021
0.00048 0.20228 0.00015 0.59715 0.00000 0.19994
0.10743 0.00000 0.00000 0.00000 0.50233 0.39024
0.00120 0.39446 0.00000 0.00000 0.30535 0.29900

observation: 6
0.69430 0.49612 0.30026 0.09984 0.00088 0.09756
0.00263 0.00262 0.40137 0.09883 0.10254 0.09687
0.30282 0.00055 0.20035 0.19586 0.09782 0.30240
0.00024 0.50070 0.09773 0.00000 0.00299 0.40391
0.00001 0.00000 0.00030 0.60547 0.00284 0.09925
0.00000 0.00000 0.00000 0.00000 0.79293 0.00000
