initial: 6
0.71944 0.00274 0.09049 0.18733 0.00000 0.00000

transition: 6
0.29566 0.01102 0.50373 0.00086 0.00000 0.18873
0.20013 0.20227 0.59736 0.00008 0.00015 0.00001
0.00320 0.49718 0.19888 0.30064 0.00000 0.00010
0.00015 0.20205 0.00021 0.59752 0.00000 0.20007
0.10736 0.00000 0.00000 0.00000 0.50117 0.39147
0.00055 0.39450 0.00000 0.00000 0.30445 0.30050

observation: 6
0.69533 0.49745 0.30172 0.10008 0.00028 0.09776
0.00175 0.00128 0.39932 0.09924 0.10267 0.09726
0.30290 0.00029 0.20030 0.19608 0.09783 0.30212
0.00001 0.50097 0.09849 0.00000 0.00182 0.40380
0.00000 0.00000 0.00017 0.60460 0.00294 0.09907
0.00000 0.00000 0.00000 0.00000 0.79445 0.00000
