initial: 6
0.71967 0.00014 0.09232 0.18787 0.00000 0.00000

transition: 6
0.30844 0.00297 0.49083 0.00085 0.00000 0.19691
0.00068 0.20343 0.79280 0.00309 0.00000 0.00000
0.00080 0.50165 0.19888 0.29867 0.00000 0.00000
0.00016 0.20159 0.00001 0.59719 0.00000 0.20105
0.10489 0.00000 0.00000 0.00000 0.50110 0.39402
0.00016 0.39636 0.00000 0.00000 0.30119 0.30229

observation: 6
0.99560 0.49780 0.29748 0.09799 0.00107 0.09880
0.00220 0.00068 0.40162 0.09954 0.10435 0.09711
0.00219 0.00302 0.20026 0.80247 0.09127 0.30949
0.00001 0.49849 0.10064 0.00000 0.00703 0.39559
0.00000 0.00000 0.00000 0.00000 0.00289 0.09901
0.00000 0.00000 0.00000 0.00000 0.79339 0.00000
