initial: 6
0.00000 0.10762 0.09355 0.21010 0.00000 0.58873

transition: 6
0.20301 0.21446 0.58253 0.00000 0.00000 0.00000
0.03422 0.28816 0.49343 0.00459 0.00000 0.17961
0.49648 0.00774 0.19038 0.30541 0.00000 0.00000
0.20037 0.00083 0.00130 0.59855 0.00000 0.19895
0.00000 0.10357 0.00000 0.00000 0.50432 0.39211
0.39846 0.00011 0.00000 0.00000 0.30480 0.29663

observation: 6
0.49372 0.69250 0.29734 0.10049 0.00072 0.09859
0.00263 0.00584 0.40538 0.09855 0.10234 0.09596
0.00001 0.29697 0.19871 0.19633 0.09943 0.30152
0.50364 0.00469 0.09825 0.00000 0.00469 0.40250
0.00000 0.00000 0.00032 0.60462 0.00207 0.10143
0.00000 0.00000 0.00000 0.00000 0.79075 0.00000
