initial: 6
0.72084 0.00001 0.09190 0.18726 0.00000 0.00000

transition: 6
0.30821 0.00760 0.48556 0.00175 0.00000 0.19689
0.00060 0.21292 0.77957 0.00691 0.00000 0.00000
0.00137 0.50764 0.19184 0.29915 0.00000 0.00000
0.00068 0.20212 0.00001 0.59597 0.00000 0.20122
0.10492 0.00000 0.00000 0.00000 0.50490 0.39018
0.00040 0.39876 0.00000 0.00000 0.30271 0.29813

observation: 6
0.99502 0.49648 0.29598 0.09686 0.00215 0.09827
0.00223 0.00218 0.40572 0.09924 0.10451 0.09636
0.00250 0.00467 0.20064 0.80390 0.09145 0.31054
0.00025 0.49667 0.09766 0.00001 0.01033 0.39573
0.00000 0.00000 0.00000 0.00000 0.00365 0.09910
0.00000 0.00000 0.00000 0.00000 0.78791 0.00000
