initial: 6
0.72450 0.00228 0.08682 0.18640 0.00000 0.00000

transition: 6
0.29566 0.02132 0.49551 0.00256 0.00000 0.18494
0.20366 0.20734 0.58823 0.00076 0.00000 0.00001
0.00464 0.50128 0.19057 0.30324 0.00000 0.00027
0.00074 0.20261 0.00015 0.59682 0.00000 0.19969
0.10754 0.00000 0.00000 0.00000 0.50304 0.38942
0.00169 0.39453 0.00000 0.00000 0.30606 0.29772

observation: 6
0.69339 0.49509 0.29897 0.09963 0.00133 0.09717
0.00332 0.00377 0.40313 0.09847 0.10248 0.09654
0.30260 0.00075 0.20049 0.19574 0.09774 0.30282
0.00069 0.50039 0.09701 0.00000 0.00367 0.40402
0.00001 0.00000 0.00041 0.60615 0.00275 0.09944
0.00000 0.00000 0.00000 0.00000 0.79203 0.00000
