initial: 6
0.72509 0.00208 0.08654 0.18629 0.00000 0.00000

transition: 6
0.29573 0.02236 0.49468 0.00273 0.00000 0.18451
0.20402 0.20795 0.58716 0.00086 0.00000 0.00001
0.00476 0.50180 0.18961 0.30354 0.00000 0.00029
0.00079 0.20269 0.00015 0.59674 0.00000 0.19963
0.10757 0.00000 0.00000 0.00000 0.50319 0.38924
0.00180 0.39454 0.00000 0.00000 0.30623 0.29743

observation: 6
0.69316 0.49485 0.29865 0.09958 0.00143 0.09709
0.00348 0.00405 0.40356 0.09839 0.10247 0.09646
0.30253 0.00079 0.20053 0.19572 0.09772 0.30293
0.00081 0.50030 0.09683 0.00000 0.00381 0.40405
0.00001 0.00000 0.00043 0.60632 0.00273 0.09948
0.00000 0.00000 0.00000 0.00000 0.79185 0.00000
