initial: 6
0.00000 0.11992 0.08398 0.20981 0.00000 0.58628

transition: 6
0.20098 0.25351 0.54549 0.00002 0.00000 0.00000
0.08205 0.29991 0.43699 0.02847 0.00000 0.15259
0.50213 0.01168 0.17335 0.31284 0.00000 0.00000
0.20062 0.00231 0.00167 0.59829 0.00000 0.19711
0.00000 0.10636 0.00000 0.00000 0.50765 0.38599
0.39963 0.00036 0.00000 0.00000 0.30890 0.29111

observation: 6
0.49031 0.67593 0.27913 0.10094 0.00329 0.09625
0.00402 0.01837 0.42547 0.09738 0.10082 0.09572
0.00002 0.28825 0.19382 0.19635 0.10160 0.30263
0.50565 0.01744 0.10095 0.00000 0.00637 0.40320
0.00000 0.00001 0.00063 0.60532 0.00199 0.10220
0.00000 0.00000 0.00000 0.00000 0.78594 0.00000
