initial: 6
0.00000 0.10381 0.09617 0.21028 0.00000 0.58973

transition: 6
0.20271 0.20461 0.59267 0.00000 0.00002 0.00000
0.01437 0.28712 0.51024 0.00047 0.00000 0.18779
0.49570 0.00603 0.19583 0.30244 0.00000 0.00000
0.20037 0.00019 0.00108 0.59876 0.00000 0.19959
0.00000 0.10215 0.00000 0.00000 0.50282 0.39503
0.39787 0.00002 0.00000 0.00000 0.30314 0.29897

observation: 6
0.49506 0.69846 0.30152 0.10047 0.00003 0.09951
0.00187 0.00210 0.40030 0.09921 0.10298 0.09592
0.00000 0.29840 0.19995 0.19643 0.09858 0.30135
0.50307 0.00104 0.09807 0.00000 0.00351 0.40218
0.00000 0.00000 0.00016 0.60390 0.00206 0.10103
0.00000 0.00000 0.00000 0.00000 0.79284 0.00000
