initial: 6
0.49419 0.50581 0.00000 0.00000 0.00000 0.00000

transition: 6
0.27771 0.43466 0.01058 0.27463 0.00018 0.00223
0.00613 0.50477 0.19985 0.00018 0.00004 0.28902
0.00630 0.00156 0.21598 0.77270 0.00040 0.00306
0.00041 0.00609 0.00740 0.24903 0.53082 0.20625
0.00000 0.00000 0.00000 0.00000 0.50088 0.49912
0.71978 0.00017 0.09494 0.18511 0.00000 0.00000

observation: 6
0.00012 0.29772 0.00870 0.10152 0.29820 0.09732
0.08562 0.39865 0.00016 0.09952 0.00000 0.09955
0.41539 0.19857 0.47915 0.29588 0.30258 0.00000
0.49887 0.10506 0.49081 0.40359 0.00000 0.00000
0.00000 0.00000 0.02117 0.09948 0.00000 0.80313
0.00000 0.00000 0.00000 0.00000 0.39922 0.00000
