initial: 6
0.75117 0.00000 0.06682 0.18201 0.00000 0.00000

transition: 6
0.30053 0.07669 0.45170 0.00805 0.00000 0.16304
0.22158 0.26166 0.50703 0.00970 0.00000 0.00002
0.01122 0.54939 0.10626 0.33157 0.00005 0.00150
0.00445 0.20798 0.00066 0.59105 0.00002 0.19584
0.10770 0.00001 0.00000 0.00000 0.51237 0.37993
0.01014 0.39438 0.00000 0.00000 0.31493 0.28055

observation: 6
0.67958 0.47748 0.27701 0.09625 0.00526 0.09469
0.01482 0.02799 0.43417 0.09387 0.10475 0.08742
0.30072 0.00343 0.20776 0.19493 0.09733 0.30797
0.00474 0.49108 0.07835 0.00000 0.00936 0.40912
0.00014 0.00003 0.00272 0.61495 0.00314 0.10080
0.00000 0.00000 0.00000 0.00000 0.78015 0.00000
