initial: 6
0.71964 0.00018 0.09228 0.18791 0.00000 0.00000

transition: 6
0.30848 0.00274 0.49109 0.00078 0.00000 0.19691
0.00070 0.20302 0.79342 0.00286 0.00000 0.00000
0.00076 0.50135 0.19921 0.29867 0.00000 0.00000
0.00014 0.20157 0.00001 0.59726 0.00000 0.20103
0.10489 0.00000 0.00000 0.00000 0.50084 0.39428
0.00015 0.39620 0.00000 0.00000 0.30109 0.30256

observation: 6
0.99560 0.49788 0.29752 0.09804 0.00100 0.09882
0.00222 0.00060 0.40143 0.09956 0.10434 0.09715
0.00218 0.00292 0.20029 0.80239 0.09125 0.30943
0.00000 0.49859 0.10076 0.00000 0.00680 0.39559
0.00000 0.00000 0.00000 0.00000 0.00284 0.09901
0.00000 0.00000 0.00000 0.00000 0.79377 0.00000
