initial: 6
0.72013 0.00282 0.08984 0.18721 0.00000 0.00000

transition: 6
0.29558 0.01258 0.50243 0.00112 0.00000 0.18829
0.20071 0.20288 0.59619 0.00015 0.00006 0.00001
0.00346 0.49765 0.19773 0.30103 0.00000 0.00014
0.00024 0.20206 0.00017 0.59743 0.00000 0.20009
0.10735 0.00000 0.00000 0.00000 0.50153 0.39112
0.00073 0.39442 0.00000 0.00000 0.30468 0.30017

observation: 6
0.69506 0.49709 0.30136 0.10003 0.00044 0.09782
0.00200 0.00162 0.39985 0.09914 0.10263 0.09715
0.30290 0.00036 0.20029 0.19601 0.09785 0.30211
0.00004 0.50092 0.09831 0.00000 0.00218 0.40383
0.00000 0.00000 0.00020 0.60482 0.00293 0.09909
0.00000 0.00000 0.00000 0.00000 0.79397 0.00000
