initial: 6
0.50793 0.49207 0.00000 0.00000 0.00000 0.00000

transition: 6
0.29109 0.50595 0.00744 0.19414 0.00000 0.00138
0.00211 0.50121 0.19866 0.00001 0.00000 0.29801
0.00221 0.00038 0.20550 0.78693 0.00003 0.00495
0.00014 0.00203 0.00472 0.27604 0.51615 0.20092
0.00000 0.00000 0.00000 0.00000 0.50084 0.49916
0.60144 0.00002 0.20556 0.19297 0.00000 0.00000

observation: 6
0.00005 0.29992 0.00261 0.10034 0.29855 0.09816
0.09972 0.39661 0.00000 0.10147 0.00000 0.10053
0.40465 0.19989 0.48865 0.29558 0.30242 0.00000
0.49558 0.10357 0.50564 0.40267 0.00000 0.00000
0.00000 0.00000 0.00310 0.09994 0.00000 0.80131
0.00000 0.00000 0.00000 0.00000 0.39903 0.00000
