initial: 6
0.00000 0.11458 0.08827 0.20993 0.00000 0.58722

transition: 6
0.20228 0.23518 0.56253 0.00001 0.00000 0.00000
0.06302 0.29378 0.46196 0.01703 0.00000 0.16422
0.49931 0.01007 0.18080 0.30983 0.00000 0.00000
0.20054 0.00169 0.00152 0.59839 0.00000 0.19786
0.00000 0.10536 0.00000 0.00000 0.50631 0.38833
0.39918 0.00025 0.00000 0.00000 0.30724 0.29333

observation: 6
0.49173 0.68292 0.28792 0.10073 0.00222 0.09709
0.00352 0.01284 0.41596 0.09781 0.10141 0.09588
0.00002 0.29264 0.19607 0.19633 0.10070 0.30207
0.50473 0.01160 0.09956 0.00000 0.00573 0.40304
0.00000 0.00001 0.00050 0.60513 0.00202 0.10192
0.00000 0.00000 0.00000 0.00000 0.78792 0.00000
