initial: 6
0.00000 0.10388 0.09613 0.21028 0.00000 0.58971

transition: 6
0.20272 0.20477 0.59249 0.00000 0.00001 0.00000
0.01477 0.28712 0.50994 0.00051 0.00000 0.18766
0.49570 0.00606 0.19573 0.30250 0.00000 0.00000
0.20037 0.00021 0.00108 0.59876 0.00000 0.19958
0.00000 0.10217 0.00000 0.00000 0.50285 0.39497
0.39788 0.00002 0.00000 0.00000 0.30317 0.29893

observation: 6
0.49503 0.69835 0.30145 0.10047 0.00004 0.09950
0.00188 0.00216 0.40038 0.09919 0.10297 0.09592
0.00000 0.29839 0.19992 0.19642 0.09859 0.30135
0.50308 0.00110 0.09807 0.00000 0.00355 0.40219
0.00000 0.00000 0.00017 0.60392 0.00207 0.10104
0.00000 0.00000 0.00000 0.00000 0.79279 0.00000
