initial: 6
0.74117 0.00000 0.07708 0.18175 0.00000 0.00000

transition: 6
0.30723 0.05750 0.43497 0.00804 0.00000 0.19226
0.00217 0.31440 0.65441 0.02902 0.00000 0.00000
0.00755 0.55613 0.12598 0.31031 0.00000 0.00003
0.00738 0.20332 0.00007 0.58540 0.00006 0.20377
0.10637 0.00000 0.00000 0.00000 0.53119 0.36244
0.00423 0.41373 0.00001 0.00000 0.31414 0.26790

observation: 6
0.98067 0.48360 0.27382 0.08614 0.00852 0.09453
0.00661 0.01793 0.44703 0.09655 0.10617 0.08975
0.00695 0.01571 0.21950 0.81719 0.09535 0.31678
0.00578 0.48276 0.05965 0.00011 0.03038 0.39916
0.00000 0.00000 0.00000 0.00000 0.00894 0.09977
0.00000 0.00000 0.00000 0.00000 0.75063 0.00000
