initial: 6
0.75595 0.00578 0.09649 0.14178 0.00000 0.00000

transition: 6
0.40395 0.40689 0.13323 0.00524 0.02107 0.02962
0.18238 0.58470 0.21075 0.01694 0.00147 0.00376
0.18907 0.15097 0.04282 0.58901 0.00451 0.02363
0.19334 0.11475 0.06670 0.47202 0.01590 0.13729
0.08368 0.01845 0.00039 0.00099 0.62340 0.27310
0.34621 0.05996 0.00070 0.00004 0.27595 0.31713

observation: 6
0.49706 0.41878 0.27376 0.04222 0.02872 0.03463
0.04714 0.19611 0.39642 0.02127 0.11246 0.06325
0.22953 0.06774 0.25545 0.15056 0.16614 0.23216
0.22335 0.31590 0.01134 0.01830 0.05912 0.45254
0.00292 0.00146 0.06303 0.76765 0.01909 0.07718
0.00000 0.00000 0.00000 0.00000 0.61447 0.14024
