initial: 6
0.19879 0.05495 0.18535 0.33016 0.14446 0.08629

transition: 6
0.47829 0.40672 0.05489 0.03044 0.01151 0.01816
0.19428 0.50102 0.23141 0.04671 0.01005 0.01653
0.16219 0.12688 0.31727 0.32685 0.03224 0.03456
0.13155 0.09816 0.11119 0.46078 0.15368 0.04465
0.06246 0.04362 0.03284 0.03920 0.49684 0.32504
0.28104 0.06731 0.03383 0.02884 0.18063 0.40836

observation: 6
0.43913 0.49955 0.20464 0.08328 0.04101 0.08904
0.12072 0.17695 0.22382 0.10127 0.06780 0.07257
0.12101 0.11180 0.20562 0.18642 0.23741 0.22514
0.31395 0.20400 0.14326 0.10827 0.16067 0.28789
0.00507 0.00769 0.22261 0.52012 0.11878 0.03388
0.00012 0.00001 0.00004 0.00063 0.37433 0.29149
