initial: 6
0.00000 0.11161 0.09058 0.21000 0.00000 0.58781

transition: 6
0.20274 0.22589 0.57136 0.00001 0.00000 0.00000
0.05142 0.29099 0.47558 0.01122 0.00000 0.17080
0.49796 0.00913 0.18488 0.30804 0.00000 0.00000
0.20047 0.00135 0.00144 0.59844 0.00000 0.19830
0.00000 0.10468 0.00000 0.00000 0.50552 0.38980
0.39890 0.00019 0.00000 0.00000 0.30626 0.29465

observation: 6
0.49255 0.68689 0.29223 0.10061 0.00160 0.09766
0.00318 0.00983 0.41120 0.09809 0.10178 0.09593
0.00001 0.29470 0.19725 0.19632 0.10018 0.30181
0.50425 0.00858 0.09890 0.00000 0.00534 0.40286
0.00000 0.00001 0.00043 0.60498 0.00204 0.10174
0.00000 0.00000 0.00000 0.00000 0.78906 0.00000
