initial: 6
0.71999 0.00004 0.09235 0.18762 0.00000 0.00000

transition: 6
0.30829 0.00459 0.48898 0.00122 0.00000 0.19692
0.00061 0.20653 0.78831 0.00455 0.00000 0.00000
0.00103 0.50375 0.19648 0.29873 0.00000 0.00000
0.00034 0.20177 0.00001 0.59675 0.00000 0.20114
0.10489 0.00000 0.00000 0.00000 0.50265 0.39246
0.00025 0.39734 0.00000 0.00000 0.30178 0.30063

observation: 6
0.99548 0.49729 0.29706 0.09759 0.00150 0.09861
0.00217 0.00120 0.40302 0.09942 0.10441 0.09683
0.00229 0.00367 0.20023 0.80299 0.09137 0.30989
0.00005 0.49783 0.09969 0.00000 0.00838 0.39564
0.00000 0.00000 0.00000 0.00000 0.00321 0.09903
0.00000 0.00000 0.00000 0.00000 0.79113 0.00000
