initial: 6
0.72179 0.00282 0.08849 0.18690 0.00000 0.00000

transition: 6
0.29550 0.01621 0.49957 0.00172 0.00000 0.18700
0.20190 0.20457 0.59314 0.00036 0.00001 0.00001
0.00399 0.49898 0.19495 0.30189 0.00000 0.00020
0.00045 0.20224 0.00015 0.59720 0.00000 0.19997
0.10742 0.00000 0.00000 0.00000 0.50222 0.39036
0.00113 0.39444 0.00000 0.00000 0.30524 0.29918

observation: 6
0.69442 0.49627 0.30043 0.09987 0.00082 0.09761
0.00254 0.00246 0.40113 0.09888 0.10255 0.09692
0.30284 0.00052 0.20033 0.19588 0.09783 0.30235
0.00019 0.50074 0.09783 0.00000 0.00288 0.40390
0.00001 0.00000 0.00028 0.60537 0.00285 0.09923
0.00000 0.00000 0.00000 0.00000 0.79307 0.00000
