initial: 6
0.50793 0.49207 0.00000 0.00000 0.00000 0.00000

transition: 6
0.29127 0.50675 0.00738 0.19340 0.00000 0.00120
0.00185 0.50133 0.19867 0.00001 0.00000 0.29815
0.00213 0.00034 0.20471 0.78758 0.00002 0.00521
0.00014 0.00185 0.00463 0.27746 0.51529 0.20063
0.00000 0.00000 0.00000 0.00000 0.50082 0.49918
0.60034 0.00002 0.20621 0.19343 0.00000 0.00000

observation: 6
0.00006 0.29991 0.00237 0.10030 0.29859 0.09821
0.09982 0.39660 0.00000 0.10148 0.00000 0.10056
0.40457 0.19991 0.48900 0.29564 0.30239 0.00000
0.49556 0.10358 0.50588 0.40265 0.00000 0.00000
0.00000 0.00000 0.00274 0.09994 0.00000 0.80124
0.00000 0.00000 0.00000 0.00000 0.39901 0.00000
