initial: 6
0.72736 0.00000 0.08738 0.18526 0.00000 0.00000

transition: 6
0.30859 0.02536 0.46594 0.00382 0.00000 0.19628
0.00091 0.25328 0.72846 0.01735 0.00000 0.00000
0.00308 0.52822 0.16548 0.30321 0.00000 0.00001
0.00272 0.20370 0.00003 0.59186 0.00001 0.20168
0.10534 0.00000 0.00000 0.00000 0.51452 0.38013
0.00137 0.40452 0.00000 0.00000 0.30712 0.28699

observation: 6
0.99077 0.49244 0.28777 0.09289 0.00479 0.09667
0.00325 0.00775 0.42194 0.09837 0.10500 0.09403
0.00386 0.00910 0.20649 0.80872 0.09202 0.31335
0.00213 0.49071 0.08380 0.00003 0.01838 0.39645
0.00000 0.00000 0.00000 0.00000 0.00554 0.09950
0.00000 0.00000 0.00000 0.00000 0.77426 0.00000
