initial: 6
0.00000 0.13931 0.06855 0.20935 0.00000 0.58279

transition: 6
0.18988 0.33993 0.47014 0.00005 0.00000 0.00001
0.13394 0.33568 0.34636 0.07022 0.00000 0.11380
0.51648 0.01721 0.14266 0.32366 0.00000 0.00000
0.20003 0.00534 0.00239 0.59743 0.00000 0.19481
0.00004 0.10896 0.00000 0.00000 0.51310 0.37790
0.40129 0.00115 0.00000 0.00000 0.31514 0.28242

observation: 6
0.48402 0.64732 0.23560 0.10155 0.00691 0.09473
0.00558 0.04114 0.47173 0.09606 0.09922 0.09411
0.00008 0.26398 0.18595 0.19612 0.10490 0.30605
0.51031 0.04754 0.10540 0.00000 0.00915 0.40202
0.00001 0.00002 0.00133 0.60627 0.00212 0.10310
0.00000 0.00000 0.00000 0.00000 0.77771 0.00000
