initial: 6
0.00000 0.10667 0.09422 0.21013 0.00000 0.58898

transition: 6
0.20300 0.21190 0.58509 0.00000 0.00000 0.00000
0.02970 0.28770 0.49761 0.00330 0.00000 0.18169
0.49621 0.00736 0.19171 0.30472 0.00000 0.00000
0.20036 0.00069 0.00125 0.59859 0.00000 0.19911
0.00000 0.10326 0.00000 0.00000 0.50399 0.39275
0.39833 0.00009 0.00000 0.00000 0.30441 0.29717

observation: 6
0.49403 0.69392 0.29845 0.10047 0.00051 0.09884
0.00247 0.00490 0.40408 0.09869 0.10249 0.09595
0.00001 0.29741 0.19903 0.19635 0.09924 0.30146
0.50350 0.00377 0.09816 0.00000 0.00448 0.40241
0.00000 0.00000 0.00029 0.60449 0.00208 0.10134
0.00000 0.00000 0.00000 0.00000 0.79121 0.00000
