initial: 6
0.71962 0.00021 0.09223 0.18794 0.00000 0.00000

transition: 6
0.30850 0.00256 0.49129 0.00073 0.00000 0.19690
0.00072 0.20272 0.79387 0.00269 0.00000 0.00000
0.00073 0.50113 0.19946 0.29868 0.00000 0.00000
0.00012 0.20156 0.00001 0.59731 0.00000 0.20101
0.10489 0.00000 0.00000 0.00000 0.50063 0.39448
0.00014 0.39607 0.00000 0.00000 0.30103 0.30277

observation: 6
0.99559 0.49794 0.29755 0.09808 0.00095 0.09884
0.00223 0.00055 0.40128 0.09957 0.10433 0.09718
0.00217 0.00284 0.20032 0.80234 0.09123 0.30938
0.00000 0.49867 0.10085 0.00000 0.00663 0.39559
0.00000 0.00000 0.00000 0.00000 0.00279 0.09901
0.00000 0.00000 0.00000 0.00000 0.79407 0.00000
