initial: 6
0.71997 0.00281 0.08999 0.18724 0.00000 0.00000

transition: 6
0.29560 0.01220 0.50273 0.00106 0.00000 0.18841
0.20058 0.20273 0.59648 0.00013 0.00008 0.00001
0.00340 0.49753 0.19800 0.30094 0.00000 0.00013
0.00022 0.20206 0.00018 0.59746 0.00000 0.20009
0.10735 0.00000 0.00000 0.00000 0.50145 0.39120
0.00069 0.39443 0.00000 0.00000 0.30463 0.30026

observation: 6
0.69513 0.49718 0.30144 0.10004 0.00040 0.09782
0.00194 0.00154 0.39972 0.09917 0.10264 0.09717
0.30290 0.00035 0.20029 0.19603 0.09785 0.30210
0.00003 0.50094 0.09835 0.00000 0.00210 0.40382
0.00000 0.00000 0.00019 0.60477 0.00293 0.09908
0.00000 0.00000 0.00000 0.00000 0.79408 0.00000
