initial: 6
0.50780 0.49220 0.00000 0.00000 0.00000 0.00000

transition: 6
0.29159 0.50762 0.00710 0.19290 0.00000 0.00079
0.00130 0.50162 0.19873 0.00000 0.00000 0.29835
0.00205 0.00027 0.20340 0.78849 0.00001 0.00578
0.00013 0.00149 0.00448 0.27989 0.51382 0.20019
0.00000 0.00000 0.00000 0.00000 0.50080 0.49920
0.59916 0.00001 0.20659 0.19424 0.00000 0.00000

observation: 6
0.00009 0.29987 0.00192 0.10020 0.29867 0.09829
0.09988 0.39660 0.00000 0.10147 0.00000 0.10060
0.40449 0.19993 0.48967 0.29576 0.30234 0.00000
0.49554 0.10360 0.50629 0.40263 0.00000 0.00000
0.00000 0.00000 0.00212 0.09994 0.00000 0.80111
0.00000 0.00000 0.00000 0.00000 0.39899 0.00000
