initial: 6
0.49719 0.50281 0.00000 0.00000 0.00000 0.00000

transition: 6
0.22775 0.41219 0.03734 0.31094 0.00763 0.00414
0.02890 0.47869 0.21828 0.00753 0.01270 0.25391
0.07001 0.02172 0.14838 0.73607 0.01756 0.00626
0.00438 0.03192 0.02420 0.25978 0.50888 0.17084
0.00000 0.00031 0.00000 0.00000 0.50444 0.49525
0.82770 0.00088 0.00936 0.16059 0.00147 0.00000

observation: 6
0.00121 0.30080 0.03464 0.08115 0.30374 0.09339
0.07631 0.40715 0.02065 0.08832 0.00026 0.09571
0.42398 0.19264 0.41265 0.30124 0.30176 0.00000
0.49849 0.09921 0.40096 0.42806 0.00000 0.00000
0.00000 0.00019 0.13110 0.10123 0.00089 0.81090
0.00000 0.00000 0.00000 0.00000 0.39336 0.00000
