initial: 6
0.07666 0.09636 0.11230 0.17517 0.00000 0.53951

transition: 6
0.21299 0.52570 0.23226 0.00100 0.01228 0.01577
0.14980 0.48991 0.28752 0.04935 0.00007 0.02335
0.51871 0.05537 0.01732 0.38242 0.00554 0.02064
0.19349 0.04229 0.07375 0.51609 0.00406 0.17033
0.05042 0.07733 0.00010 0.00010 0.55053 0.32152
0.36625 0.04235 0.00017 0.00000 0.37802 0.21321

observation: 6
0.38705 0.56891 0.15845 0.08473 0.01505 0.09101
0.02349 0.13207 0.50327 0.03239 0.09640 0.08084
0.04800 0.14458 0.27131 0.16321 0.11033 0.35938
0.54019 0.15390 0.00922 0.00039 0.04175 0.36606
0.00127 0.00054 0.05776 0.71928 0.01289 0.10243
0.00000 0.00000 0.00000 0.00000 0.72358 0.00028
