initial: 6
0.17321 0.04181 0.12488 0.17309 0.00000 0.48700

transition: 6
0.31490 0.52315 0.12606 0.00172 0.01707 0.01710
0.16474 0.51599 0.27964 0.02970 0.00032 0.00961
0.39976 0.07227 0.03485 0.45318 0.00698 0.03295
0.22114 0.05546 0.07489 0.48721 0.00712 0.15419
0.09069 0.06143 0.00052 0.00130 0.56850 0.27756
0.31911 0.05878 0.00080 0.00004 0.40054 0.22073

observation: 6
0.34547 0.55287 0.16891 0.07534 0.01572 0.09527
0.06248 0.14977 0.44652 0.02131 0.09427 0.07797
0.11072 0.11638 0.27949 0.14348 0.11260 0.36776
0.47983 0.18031 0.01024 0.00383 0.05266 0.36297
0.00150 0.00067 0.09484 0.75604 0.02242 0.08845
0.00000 0.00000 0.00000 0.00000 0.70233 0.00758
