initial: 6
0.86051 0.00000 0.00066 0.13883 0.00000 0.00000

transition: 6
0.27798 0.43066 0.17482 0.07769 0.00388 0.03497
0.12948 0.59452 0.24329 0.03154 0.00015 0.00101
0.17544 0.18244 0.15883 0.44356 0.00086 0.03886
0.08880 0.06248 0.03572 0.52748 0.03622 0.24930
0.11812 0.00594 0.00031 0.00074 0.69426 0.18063
0.24155 0.36171 0.01530 0.00023 0.24782 0.13340

observation: 6
0.82532 0.28825 0.21499 0.06585 0.03570 0.07272
0.06207 0.23506 0.34724 0.04262 0.11998 0.02223
0.07253 0.07664 0.35415 0.88183 0.17067 0.16353
0.04007 0.40005 0.08362 0.00966 0.07764 0.65030
0.00001 0.00000 0.00000 0.00005 0.03660 0.08928
0.00000 0.00000 0.00000 0.00000 0.55940 0.00194
