initial: 6
0.71923 0.00271 0.09070 0.18736 0.00000 0.00000

transition: 6
0.29569 0.01054 0.50414 0.00079 0.00000 0.18884
0.19993 0.20211 0.59769 0.00006 0.00019 0.00001
0.00311 0.49705 0.19923 0.30052 0.00000 0.00009
0.00013 0.20206 0.00022 0.59754 0.00000 0.20005
0.10736 0.00000 0.00000 0.00000 0.50105 0.39158
0.00050 0.39454 0.00000 0.00000 0.30438 0.30058

observation: 6
0.69542 0.49756 0.30183 0.10010 0.00024 0.09770
0.00167 0.00118 0.39916 0.09926 0.10268 0.09729
0.30290 0.00027 0.20032 0.19610 0.09782 0.30215
0.00001 0.50099 0.09854 0.00000 0.00170 0.40379
0.00000 0.00000 0.00015 0.60454 0.00294 0.09907
0.00000 0.00000 0.00000 0.00000 0.79461 0.00000
