initial: 6
0.71964 0.00277 0.09030 0.18729 0.00000 0.00000

transition: 6
0.29564 0.01146 0.50335 0.00094 0.00000 0.18862
0.20031 0.20243 0.59704 0.00010 0.00012 0.00001
0.00327 0.49731 0.19855 0.30076 0.00000 0.00011
0.00018 0.20205 0.00019 0.59749 0.00000 0.20009
0.10735 0.00000 0.00000 0.00000 0.50128 0.39137
0.00060 0.39446 0.00000 0.00000 0.30451 0.30042

observation: 6
0.69526 0.49735 0.30162 0.10007 0.00033 0.09780
0.00182 0.00138 0.39947 0.09921 0.10266 0.09722
0.30290 0.00031 0.20029 0.19606 0.09784 0.30210
0.00002 0.50096 0.09844 0.00000 0.00193 0.40381
0.00000 0.00000 0.00018 0.60466 0.00294 0.09907
0.00000 0.00000 0.00000 0.00000 0.79430 0.00000
