initial: 6
0.00000 0.10591 0.09475 0.21016 0.00000 0.58918

transition: 6
0.20296 0.20991 0.58712 0.00000 0.00000 0.00000
0.02591 0.28741 0.50095 0.00238 0.00000 0.18334
0.49602 0.00704 0.19278 0.30415 0.00000 0.00000
0.20035 0.00057 0.00122 0.59862 0.00000 0.19924
0.00000 0.10299 0.00000 0.00000 0.50371 0.39330
0.39822 0.00007 0.00000 0.00000 0.30409 0.29762

observation: 6
0.49428 0.69508 0.29930 0.10046 0.00035 0.09904
0.00232 0.00415 0.40305 0.09881 0.10261 0.09595
0.00000 0.29773 0.19929 0.19636 0.09908 0.30142
0.50339 0.00304 0.09810 0.00000 0.00428 0.40233
0.00000 0.00000 0.00026 0.60437 0.00208 0.10127
0.00000 0.00000 0.00000 0.00000 0.79160 0.00000
