initial: 6
0.00000 0.10647 0.09437 0.21014 0.00000 0.58903

transition: 6
0.20299 0.21136 0.58564 0.00000 0.00000 0.00000
0.02869 0.28761 0.49851 0.00304 0.00000 0.18214
0.49616 0.00728 0.19200 0.30457 0.00000 0.00000
0.20035 0.00065 0.00124 0.59860 0.00000 0.19915
0.00000 0.10319 0.00000 0.00000 0.50392 0.39290
0.39830 0.00008 0.00000 0.00000 0.30433 0.29729

observation: 6
0.49409 0.69423 0.29868 0.10047 0.00047 0.09889
0.00243 0.00469 0.40380 0.09872 0.10252 0.09595
0.00001 0.29750 0.19910 0.19635 0.09920 0.30145
0.50347 0.00358 0.09814 0.00000 0.00443 0.40238
0.00000 0.00000 0.00028 0.60446 0.00208 0.10132
0.00000 0.00000 0.00000 0.00000 0.79131 0.00000
