initial: 6
0.72526 0.00000 0.08887 0.18587 0.00000 0.00000

transition: 6
0.30848 0.01996 0.47180 0.00324 0.00000 0.19653
0.00079 0.24118 0.74345 0.01458 0.00000 0.00000
0.00255 0.52242 0.17309 0.30194 0.00000 0.00000
0.00208 0.20335 0.00002 0.59305 0.00001 0.20149
0.10520 0.00000 0.00000 0.00000 0.51180 0.38300
0.00105 0.40293 0.00000 0.00000 0.30586 0.29015

observation: 6
0.99219 0.49365 0.29036 0.09406 0.00408 0.09710
0.00287 0.00608 0.41709 0.09864 0.10485 0.09470
0.00343 0.00788 0.20443 0.80728 0.09175 0.31261
0.00151 0.49239 0.08812 0.00002 0.01618 0.39618
0.00000 0.00000 0.00000 0.00000 0.00500 0.09940
0.00000 0.00000 0.00000 0.00000 0.77813 0.00000
