initial: 6
0.00000 0.13531 0.07163 0.20943 0.00000 0.58362

transition: 6
0.19327 0.31923 0.48745 0.00004 0.00000 0.00000
0.12574 0.32603 0.36455 0.06235 0.00000 0.12133
0.51292 0.01610 0.14976 0.32122 0.00000 0.00000
0.20031 0.00452 0.00219 0.59771 0.00000 0.19526
0.00002 0.10847 0.00000 0.00000 0.51181 0.37970
0.40093 0.00090 0.00000 0.00000 0.31370 0.28447

observation: 6
0.48564 0.65406 0.24604 0.10147 0.00617 0.09487
0.00524 0.03589 0.46059 0.09634 0.09948 0.09462
0.00006 0.27026 0.18731 0.19624 0.10419 0.30512
0.50905 0.03977 0.10492 0.00000 0.00844 0.40249
0.00001 0.00002 0.00113 0.60594 0.00205 0.10290
0.00000 0.00000 0.00000 0.00000 0.77967 0.00000
