initial: 6
0.48942 0.51058 0.00000 0.00000 0.00000 0.00000

transition: 6
0.24476 0.40254 0.03002 0.31568 0.00412 0.00289
0.02004 0.49487 0.21072 0.00303 0.00388 0.26746
0.04051 0.01232 0.17608 0.75902 0.00713 0.00494
0.00237 0.02067 0.01881 0.24528 0.52187 0.19100
0.00000 0.00004 0.00000 0.00000 0.50223 0.49772
0.81480 0.00059 0.01244 0.17190 0.00028 0.00000

observation: 6
0.00050 0.29846 0.01967 0.09649 0.29979 0.09490
0.07662 0.40428 0.00709 0.09571 0.00006 0.09706
0.42300 0.19581 0.44129 0.29651 0.30211 0.00000
0.49987 0.10143 0.44784 0.41051 0.00000 0.00000
0.00000 0.00002 0.08411 0.10078 0.00021 0.80804
0.00000 0.00000 0.00000 0.00000 0.39784 0.00000
