initial: 6
0.01915 0.14692 0.07895 0.19097 0.00000 0.56401

transition: 6
0.17686 0.53356 0.27509 0.00067 0.00455 0.00928
0.14354 0.46742 0.26771 0.07501 0.00001 0.04631
0.55147 0.04596 0.02114 0.36961 0.00311 0.00871
0.18725 0.02985 0.03856 0.55860 0.00204 0.18370
0.01866 0.09797 0.00001 0.00000 0.54160 0.34176
0.39053 0.02452 0.00003 0.00000 0.35395 0.23097

observation: 6
0.43418 0.56240 0.16361 0.08877 0.01555 0.09196
0.01168 0.11791 0.53729 0.06779 0.09969 0.07786
0.01561 0.17250 0.24342 0.18157 0.11071 0.33859
0.53781 0.14688 0.02467 0.00003 0.03065 0.38684
0.00072 0.00031 0.03101 0.66183 0.00765 0.10474
0.00000 0.00000 0.00000 0.00000 0.73576 0.00000
