initial: 6
0.80350 0.00000 0.04706 0.14944 0.00000 0.00000

transition: 6
0.24578 0.26386 0.36036 0.06093 0.00151 0.06756
0.09826 0.45248 0.41851 0.03073 0.00000 0.00003
0.14644 0.51280 0.00783 0.31787 0.00013 0.01493
0.07570 0.07149 0.00905 0.56017 0.01257 0.27101
0.10701 0.00052 0.00000 0.00000 0.65728 0.23518
0.11719 0.44488 0.01634 0.00001 0.30195 0.11964

observation: 6
0.92791 0.34640 0.16376 0.05643 0.03067 0.08577
0.02011 0.08679 0.53938 0.06539 0.11802 0.04815
0.03691 0.07653 0.28251 0.87268 0.13809 0.29981
0.01507 0.49028 0.01436 0.00550 0.08414 0.47803
0.00000 0.00000 0.00000 0.00000 0.03318 0.08824
0.00000 0.00000 0.00000 0.00000 0.59590 0.00000
