initial: 6
0.50786 0.49214 0.00000 0.00000 0.00000 0.00000

transition: 6
0.29148 0.50739 0.00723 0.19297 0.00000 0.00094
0.00150 0.50151 0.19870 0.00000 0.00000 0.29829
0.00206 0.00030 0.20382 0.78824 0.00001 0.00557
0.00013 0.00162 0.00453 0.27909 0.51430 0.20033
0.00000 0.00000 0.00000 0.00000 0.50080 0.49920
0.59947 0.00001 0.20655 0.19397 0.00000 0.00000

observation: 6
0.00007 0.29989 0.00207 0.10023 0.29864 0.09826
0.09987 0.39660 0.00000 0.10148 0.00000 0.10058
0.40451 0.19992 0.48944 0.29572 0.30236 0.00000
0.49555 0.10359 0.50615 0.40263 0.00000 0.00000
0.00000 0.00000 0.00233 0.09994 0.00000 0.80115
0.00000 0.00000 0.00000 0.00000 0.39900 0.00000
