initial: 6
0.48768 0.51232 0.00000 0.00000 0.00000 0.00000

transition: 6
0.25585 0.40208 0.02346 0.31403 0.00215 0.00242
0.01421 0.50111 0.20674 0.00146 0.00135 0.27513
0.02396 0.00724 0.20170 0.75951 0.00345 0.00414
0.00142 0.01448 0.01487 0.24098 0.52844 0.19980
0.00000 0.00000 0.00000 0.00000 0.50143 0.49857
0.80230 0.00041 0.01910 0.17814 0.00004 0.00000

observation: 6
0.00028 0.29762 0.01426 0.10063 0.29869 0.09613
0.07752 0.40248 0.00311 0.09801 0.00001 0.09823
0.42227 0.19669 0.45508 0.29549 0.30243 0.00000
0.49993 0.10322 0.46612 0.40556 0.00000 0.00000
0.00000 0.00000 0.06143 0.10031 0.00004 0.80564
0.00000 0.00000 0.00000 0.00000 0.39883 0.00000
