initial: 6
0.71895 0.00267 0.09097 0.18741 0.00000 0.00000

transition: 6
0.29572 0.00995 0.50467 0.00069 0.00000 0.18898
0.19967 0.20192 0.59811 0.00004 0.00025 0.00001
0.00300 0.49689 0.19969 0.30036 0.00000 0.00007
0.00010 0.20207 0.00025 0.59755 0.00000 0.20002
0.10738 0.00000 0.00000 0.00000 0.50089 0.39173
0.00043 0.39460 0.00000 0.00000 0.30430 0.30068

observation: 6
0.69554 0.49771 0.30196 0.10012 0.00018 0.09761
0.00156 0.00104 0.39896 0.09929 0.10270 0.09734
0.30290 0.00025 0.20034 0.19612 0.09780 0.30220
0.00000 0.50100 0.09860 0.00000 0.00154 0.40377
0.00000 0.00000 0.00014 0.60447 0.00293 0.09909
0.00000 0.00000 0.00000 0.00000 0.79483 0.00000
