initial: 6
0.74990 0.00000 0.06787 0.18223 0.00000 0.00000

transition: 6
0.30032 0.07343 0.45413 0.00794 0.00000 0.16418
0.22079 0.25762 0.51258 0.00900 0.00000 0.00002
0.01074 0.54574 0.11275 0.32934 0.00004 0.00138
0.00414 0.20779 0.00059 0.59147 0.00002 0.19600
0.10775 0.00000 0.00000 0.00000 0.51162 0.38062
0.00941 0.39442 0.00000 0.00000 0.31443 0.28174

observation: 6
0.68039 0.47875 0.27840 0.09651 0.00506 0.09472
0.01416 0.02610 0.43215 0.09410 0.10450 0.08814
0.30077 0.00324 0.20706 0.19498 0.09717 0.30782
0.00454 0.49188 0.07988 0.00000 0.00906 0.40858
0.00013 0.00003 0.00250 0.61441 0.00306 0.10073
0.00000 0.00000 0.00000 0.00000 0.78115 0.00000
