initial: 6
0.49488 0.50512 0.00000 0.00000 0.00000 0.00000

transition: 6
0.27851 0.43752 0.01031 0.27127 0.00016 0.00224
0.00596 0.50462 0.19966 0.00017 0.00003 0.28956
0.00602 0.00147 0.21567 0.77341 0.00037 0.00306
0.00039 0.00588 0.00724 0.24969 0.53058 0.20622
0.00000 0.00000 0.00000 0.00000 0.50088 0.49912
0.71402 0.00016 0.10048 0.18534 0.00000 0.00000

observation: 6
0.00012 0.29783 0.00847 0.10146 0.29821 0.09734
0.08625 0.39854 0.00014 0.09958 0.00000 0.09959
0.41486 0.19863 0.47994 0.29587 0.30259 0.00000
0.49877 0.10500 0.49163 0.40360 0.00000 0.00000
0.00000 0.00000 0.01982 0.09950 0.00000 0.80307
0.00000 0.00000 0.00000 0.00000 0.39921 0.00000
