initial: 6
0.71959 0.00052 0.09168 0.18820 0.00000 0.00000

transition: 6
0.30879 0.00119 0.49313 0.00024 0.00000 0.19666
0.00084 0.20074 0.79736 0.00105 0.00000 0.00000
0.00034 0.49947 0.20141 0.29878 0.00000 0.00000
0.00001 0.20166 0.00001 0.59775 0.00000 0.20057
0.10495 0.00000 0.00000 0.00000 0.49840 0.39666
0.00004 0.39477 0.00000 0.00000 0.30081 0.30439

observation: 6
0.99543 0.49850 0.29766 0.09829 0.00039 0.09894
0.00246 0.00012 0.40006 0.09973 0.10420 0.09740
0.00211 0.00206 0.20085 0.80198 0.09088 0.30899
0.00000 0.49926 0.10138 0.00000 0.00466 0.39580
0.00000 0.00007 0.00005 0.00000 0.00237 0.09887
0.00000 0.00000 0.00000 0.00000 0.79750 0.00000
