initial: 6
0.00000 0.10564 0.09494 0.21017 0.00000 0.58925

transition: 6
0.20294 0.20921 0.58784 0.00000 0.00000 0.00000
0.02453 0.28733 0.50214 0.00208 0.00000 0.18393
0.49596 0.00692 0.19317 0.30394 0.00000 0.00000
0.20035 0.00052 0.00120 0.59864 0.00000 0.19929
0.00000 0.10289 0.00000 0.00000 0.50361 0.39351
0.39818 0.00006 0.00000 0.00000 0.30398 0.29778

observation: 6
0.49437 0.69550 0.29960 0.10046 0.00030 0.09911
0.00227 0.00388 0.40269 0.09885 0.10266 0.09594
0.00000 0.29784 0.19937 0.19637 0.09902 0.30140
0.50335 0.00278 0.09809 0.00000 0.00421 0.40230
0.00000 0.00000 0.00025 0.60432 0.00208 0.10124
0.00000 0.00000 0.00000 0.00000 0.79175 0.00000
