initial: 6
0.71960 0.00031 0.09208 0.18802 0.00000 0.00000

transition: 6
0.30856 0.00216 0.49189 0.00061 0.00000 0.19679
0.00076 0.20209 0.79490 0.00226 0.00000 0.00000
0.00064 0.50065 0.20007 0.29863 0.00000 0.00000
0.00008 0.20161 0.00001 0.59743 0.00000 0.20087
0.10490 0.00000 0.00000 0.00000 0.50007 0.39503
0.00011 0.39577 0.00000 0.00000 0.30106 0.30305

observation: 6
0.99556 0.49809 0.29759 0.09809 0.00081 0.09886
0.00228 0.00042 0.40091 0.09961 0.10429 0.09727
0.00215 0.00264 0.20044 0.80229 0.09112 0.30930
0.00000 0.49885 0.10102 0.00000 0.00616 0.39562
0.00000 0.00000 0.00005 0.00000 0.00269 0.09895
0.00000 0.00000 0.00000 0.00000 0.79494 0.00000
