initial: 6
0.00000 0.12476 0.08005 0.20969 0.00000 0.58549

transition: 6
0.19927 0.27203 0.52868 0.00002 0.00000 0.00000
0.09762 0.30664 0.41406 0.03933 0.00000 0.14236
0.50509 0.01310 0.16637 0.31544 0.00000 0.00000
0.20063 0.00290 0.00181 0.59817 0.00000 0.19649
0.00000 0.10711 0.00000 0.00000 0.50887 0.38402
0.40002 0.00049 0.00000 0.00000 0.31035 0.28914

observation: 6
0.48899 0.66950 0.26997 0.10113 0.00421 0.09567
0.00442 0.02356 0.43523 0.09704 0.10034 0.09549
0.00003 0.28351 0.19171 0.19635 0.10240 0.30326
0.50656 0.02342 0.10232 0.00000 0.00695 0.40315
0.00000 0.00001 0.00076 0.60547 0.00198 0.10242
0.00000 0.00000 0.00000 0.00000 0.78412 0.00000
