initial: 6
0.72195 0.00000 0.09117 0.18688 0.00000 0.00000

transition: 6
0.30824 0.01094 0.48179 0.00221 0.00000 0.19682
0.00063 0.22047 0.76966 0.00924 0.00000 0.00000
0.00170 0.51184 0.18662 0.29983 0.00000 0.00000
0.00106 0.20250 0.00001 0.59514 0.00000 0.20128
0.10498 0.00000 0.00000 0.00000 0.50697 0.38804
0.00057 0.40004 0.00000 0.00000 0.30363 0.29576

observation: 6
0.99434 0.49567 0.29456 0.09608 0.00275 0.09792
0.00236 0.00325 0.40880 0.09907 0.10461 0.09588
0.00275 0.00564 0.20145 0.80484 0.09150 0.31117
0.00055 0.49545 0.09519 0.00001 0.01212 0.39584
0.00000 0.00000 0.00000 0.00000 0.00405 0.09919
0.00000 0.00000 0.00000 0.00000 0.78497 0.00000
