initial: 6
0.72043 0.00001 0.09214 0.18742 0.00000 0.00000

transition: 6
0.30823 0.00624 0.48709 0.00153 0.00000 0.19691
0.00059 0.20998 0.78354 0.00589 0.00000 0.00000
0.00123 0.50590 0.19394 0.29893 0.00000 0.00000
0.00053 0.20196 0.00001 0.59631 0.00000 0.20119
0.10490 0.00000 0.00000 0.00000 0.50396 0.39114
0.00034 0.39817 0.00000 0.00000 0.30231 0.29919

observation: 6
0.99526 0.49683 0.29650 0.09718 0.00188 0.09842
0.00219 0.00174 0.40450 0.09932 0.10447 0.09657
0.00241 0.00424 0.20040 0.80350 0.09142 0.31026
0.00015 0.49719 0.09860 0.00001 0.00951 0.39569
0.00000 0.00000 0.00000 0.00000 0.00346 0.09907
0.00000 0.00000 0.00000 0.00000 0.78925 0.00000
