initial: 6
0.50792 0.49208 0.00000 0.00000 0.00000 0.00000

transition: 6
0.29103 0.50560 0.00745 0.19448 0.00000 0.00143
0.00219 0.50118 0.19866 0.00001 0.00000 0.29796
0.00225 0.00039 0.20577 0.78669 0.00004 0.00487
0.00015 0.00208 0.00476 0.27553 0.51645 0.20103
0.00000 0.00000 0.00000 0.00000 0.50084 0.49916
0.60192 0.00002 0.20524 0.19282 0.00000 0.00000

observation: 6
0.00005 0.29993 0.00269 0.10036 0.29854 0.09814
0.09968 0.39662 0.00000 0.10147 0.00000 0.10052
0.40468 0.19988 0.48853 0.29556 0.30243 0.00000
0.49559 0.10357 0.50555 0.40268 0.00000 0.00000
0.00000 0.00000 0.00322 0.09993 0.00000 0.80134
0.00000 0.00000 0.00000 0.00000 0.39903 0.00000
