initial: 6
0.00000 0.10416 0.09593 0.21026 0.00000 0.58964

transition: 6
0.20277 0.20549 0.59173 0.00000 0.00001 0.00000
0.01648 0.28711 0.50864 0.00071 0.00000 0.18706
0.49573 0.00621 0.19530 0.30275 0.00000 0.00000
0.20036 0.00026 0.00111 0.59874 0.00000 0.19954
0.00000 0.10230 0.00000 0.00000 0.50299 0.39471
0.39792 0.00003 0.00000 0.00000 0.30331 0.29874

observation: 6
0.49492 0.69787 0.30116 0.10046 0.00006 0.09946
0.00195 0.00245 0.40076 0.09913 0.10292 0.09592
0.00000 0.29832 0.19984 0.19641 0.09867 0.30135
0.50312 0.00137 0.09806 0.00000 0.00368 0.40220
0.00000 0.00000 0.00018 0.60399 0.00207 0.10107
0.00000 0.00000 0.00000 0.00000 0.79261 0.00000
