initial: 6
0.50749 0.49251 0.00000 0.00000 0.00000 0.00000

transition: 6
0.29034 0.50090 0.00753 0.19941 0.00000 0.00181
0.00285 0.50107 0.19865 0.00002 0.00000 0.29740
0.00257 0.00047 0.20797 0.78463 0.00006 0.00429
0.00017 0.00257 0.00505 0.27113 0.51906 0.20202
0.00000 0.00000 0.00000 0.00000 0.50088 0.49912
0.60836 0.00004 0.20008 0.19152 0.00000 0.00000

observation: 6
0.00005 0.29990 0.00341 0.10050 0.29844 0.09802
0.09895 0.39674 0.00001 0.10134 0.00000 0.10042
0.40521 0.19977 0.48766 0.29544 0.30252 0.00000
0.49579 0.10359 0.50456 0.40280 0.00000 0.00000
0.00000 0.00000 0.00436 0.09992 0.00000 0.80156
0.00000 0.00000 0.00000 0.00000 0.39905 0.00000
