initial: 6
0.00012 0.15888 0.05569 0.20830 0.00000 0.57702

transition: 6
0.16186 0.46853 0.36901 0.00016 0.00007 0.00037
0.14614 0.41097 0.27019 0.09281 0.00000 0.07989
0.54232 0.02537 0.08651 0.34563 0.00009 0.00008
0.19632 0.01286 0.00561 0.59336 0.00008 0.19177
0.00097 0.11101 0.00000 0.00000 0.52291 0.36511
0.40182 0.00506 0.00000 0.00000 0.32627 0.26685

observation: 6
0.46788 0.60019 0.18106 0.10016 0.01091 0.09553
0.00813 0.07908 0.53156 0.09354 0.09839 0.08845
0.00069 0.22063 0.18990 0.19372 0.10863 0.31420
0.52323 0.10004 0.09305 0.00000 0.01552 0.39756
0.00007 0.00006 0.00443 0.61258 0.00318 0.10426
0.00000 0.00000 0.00000 0.00000 0.76337 0.00000
