initial: 6
0.00000 0.10732 0.09376 0.21011 0.00000 0.58881

transition: 6
0.20301 0.21365 0.58334 0.00000 0.00000 0.00000
0.03282 0.28800 0.49475 0.00417 0.00000 0.18027
0.49639 0.00762 0.19079 0.30519 0.00000 0.00000
0.20037 0.00078 0.00128 0.59856 0.00000 0.19900
0.00000 0.10347 0.00000 0.00000 0.50422 0.39231
0.39842 0.00010 0.00000 0.00000 0.30468 0.29680

observation: 6
0.49381 0.69294 0.29769 0.10048 0.00065 0.09867
0.00258 0.00554 0.40496 0.09860 0.10239 0.09595
0.00001 0.29711 0.19881 0.19634 0.09937 0.30150
0.50360 0.00440 0.09822 0.00000 0.00462 0.40247
0.00000 0.00000 0.00031 0.60459 0.00207 0.10141
0.00000 0.00000 0.00000 0.00000 0.79089 0.00000
