initial: 6
0.49056 0.50944 0.00000 0.00000 0.00000 0.00000

transition: 6
0.24053 0.40386 0.03206 0.31549 0.00493 0.00313
0.02231 0.49177 0.21239 0.00386 0.00539 0.26429
0.04744 0.01454 0.16698 0.75673 0.00906 0.00526
0.00279 0.02326 0.02012 0.24802 0.51897 0.18684
0.00000 0.00008 0.00000 0.00000 0.50265 0.49727
0.81857 0.00066 0.01122 0.16909 0.00046 0.00000

observation: 6
0.00064 0.29883 0.02260 0.09392 0.30046 0.09442
0.07642 0.40493 0.00938 0.09440 0.00009 0.09664
0.42322 0.19539 0.43509 0.29726 0.30198 0.00000
0.49972 0.10081 0.43883 0.41349 0.00000 0.00000
0.00000 0.00004 0.09411 0.10094 0.00032 0.80894
0.00000 0.00000 0.00000 0.00000 0.39714 0.00000
