initial: 6
0.50771 0.49229 0.00000 0.00000 0.00000 0.00000

transition: 6
0.29175 0.50784 0.00688 0.19294 0.00000 0.00059
0.00104 0.50176 0.19878 0.00000 0.00000 0.29842
0.00208 0.00024 0.20295 0.78868 0.00000 0.00604
0.00013 0.00132 0.00445 0.28075 0.51330 0.20005
0.00000 0.00000 0.00000 0.00000 0.50079 0.49921
0.59887 0.00001 0.20658 0.19455 0.00000 0.00000

observation: 6
0.00012 0.29983 0.00172 0.10016 0.29871 0.09833
0.09988 0.39660 0.00000 0.10146 0.00000 0.10061
0.40447 0.19994 0.48995 0.29581 0.30232 0.00000
0.49553 0.10363 0.50646 0.40262 0.00000 0.00000
0.00000 0.00000 0.00188 0.09994 0.00000 0.80106
0.00000 0.00000 0.00000 0.00000 0.39897 0.00000
