initial: 6
0.00000 0.10510 0.09530 0.21020 0.00000 0.58940

transition: 6
0.20290 0.20785 0.58925 0.00000 0.00000 0.00000
0.02171 0.28720 0.50448 0.00153 0.00000 0.18508
0.49586 0.00668 0.19394 0.30352 0.00000 0.00000
0.20035 0.00043 0.00117 0.59867 0.00000 0.19938
0.00000 0.10268 0.00000 0.00000 0.50339 0.39392
0.39809 0.00005 0.00000 0.00000 0.30374 0.29812

observation: 6
0.49457 0.69634 0.30017 0.10046 0.00020 0.09924
0.00216 0.00336 0.40199 0.09895 0.10275 0.09594
0.00000 0.29803 0.19954 0.19638 0.09889 0.30138
0.50327 0.00226 0.09807 0.00000 0.00404 0.40226
0.00000 0.00000 0.00023 0.60421 0.00208 0.10118
0.00000 0.00000 0.00000 0.00000 0.79204 0.00000
