initial: 6
0.72476 0.00220 0.08669 0.18635 0.00000 0.00000

transition: 6
0.29569 0.02178 0.49514 0.00263 0.00000 0.18475
0.20382 0.20760 0.58776 0.00080 0.00000 0.00001
0.00470 0.50150 0.19015 0.30337 0.00000 0.00028
0.00076 0.20264 0.00015 0.59678 0.00000 0.19966
0.10755 0.00000 0.00000 0.00000 0.50310 0.38934
0.00174 0.39453 0.00000 0.00000 0.30614 0.29759

observation: 6
0.69329 0.49499 0.29883 0.09961 0.00137 0.09713
0.00339 0.00389 0.40332 0.09843 0.10248 0.09650
0.30257 0.00077 0.20051 0.19573 0.09773 0.30287
0.00074 0.50035 0.09693 0.00000 0.00373 0.40404
0.00001 0.00000 0.00042 0.60622 0.00274 0.09945
0.00000 0.00000 0.00000 0.00000 0.79195 0.00000
