initial: 6
0.50793 0.49207 0.00000 0.00000 0.00000 0.00000

transition: 6
0.29109 0.50592 0.00744 0.19417 0.00000 0.00138
0.00212 0.50121 0.19866 0.00001 0.00000 0.29801
0.00222 0.00038 0.20552 0.78691 0.00003 0.00495
0.00014 0.00203 0.00473 0.27599 0.51618 0.20093
0.00000 0.00000 0.00000 0.00000 0.50084 0.49916
0.60148 0.00002 0.20554 0.19296 0.00000 0.00000

observation: 6
0.00005 0.29992 0.00262 0.10035 0.29855 0.09816
0.09972 0.39661 0.00000 0.10147 0.00000 0.10053
0.40465 0.19989 0.48864 0.29558 0.30242 0.00000
0.49558 0.10357 0.50563 0.40267 0.00000 0.00000
0.00000 0.00000 0.00311 0.09994 0.00000 0.80131
0.00000 0.00000 0.00000 0.00000 0.39903 0.00000
