initial: 6
0.68004 0.04962 0.12895 0.14139 0.00000 0.00000

transition: 6
0.43877 0.43348 0.08640 0.00735 0.01588 0.01812
0.18878 0.54996 0.23292 0.01972 0.00326 0.00535
0.18455 0.12406 0.10727 0.55510 0.01026 0.01876
0.23546 0.11567 0.04985 0.49301 0.04936 0.05665
0.04862 0.01770 0.00168 0.00290 0.61655 0.31255
0.33207 0.05452 0.00320 0.00070 0.21089 0.39863

observation: 6
0.45166 0.43925 0.26088 0.04739 0.02677 0.03900
0.06404 0.18910 0.37363 0.02843 0.11293 0.05702
0.20780 0.07878 0.25653 0.16063 0.19367 0.20351
0.27410 0.29157 0.02049 0.02485 0.12378 0.30850
0.00240 0.00130 0.08846 0.73871 0.02616 0.05743
0.00000 0.00000 0.00000 0.00000 0.51669 0.33454
