initial: 6
0.58336 0.41547 0.00005 0.00112 0.00000 0.00000

transition: 6
0.24429 0.47311 0.07485 0.13914 0.03901 0.02960
0.04477 0.39803 0.31731 0.03424 0.05975 0.14590
0.14421 0.03743 0.16088 0.59297 0.05504 0.00947
0.03701 0.08515 0.05985 0.32306 0.42422 0.07071
0.00014 0.00926 0.00939 0.00014 0.50879 0.47228
0.69262 0.00296 0.02220 0.26832 0.01347 0.00042

observation: 6
0.00842 0.33196 0.04716 0.02125 0.31087 0.08608
0.09350 0.42225 0.11851 0.04106 0.00251 0.07616
0.42449 0.15595 0.24740 0.35930 0.30837 0.00471
0.47339 0.08243 0.23531 0.52681 0.00620 0.00039
0.00020 0.00738 0.35162 0.05156 0.00678 0.83265
0.00000 0.00003 0.00000 0.00001 0.36527 0.00001
