initial: 6
0.71960 0.00052 0.09170 0.18819 0.00000 0.00000

transition: 6
0.30876 0.00129 0.49300 0.00028 0.00000 0.19667
0.00083 0.20088 0.79711 0.00119 0.00000 0.00000
0.00038 0.49958 0.20129 0.29875 0.00000 0.00000
0.00002 0.20165 0.00001 0.59771 0.00000 0.20061
0.10494 0.00000 0.00000 0.00000 0.49859 0.39647
0.00004 0.39489 0.00000 0.00000 0.30085 0.30422

observation: 6
0.99544 0.49846 0.29766 0.09826 0.00043 0.09894
0.00244 0.00014 0.40014 0.09971 0.10421 0.09740
0.00212 0.00212 0.20080 0.80202 0.09091 0.30902
0.00000 0.49923 0.10134 0.00000 0.00484 0.39575
0.00000 0.00005 0.00006 0.00000 0.00241 0.09888
0.00000 0.00000 0.00000 0.00000 0.79719 0.00000
