initial: 6
0.72044 0.00001 0.09213 0.18741 0.00000 0.00000

transition: 6
0.30823 0.00629 0.48704 0.00154 0.00000 0.19691
0.00059 0.21007 0.78341 0.00593 0.00000 0.00000
0.00123 0.50595 0.19388 0.29894 0.00000 0.00000
0.00053 0.20196 0.00001 0.59630 0.00000 0.20119
0.10490 0.00000 0.00000 0.00000 0.50399 0.39111
0.00034 0.39819 0.00000 0.00000 0.30232 0.29916

observation: 6
0.99525 0.49682 0.29648 0.09717 0.00189 0.09842
0.00219 0.00175 0.40453 0.09931 0.10447 0.09656
0.00241 0.00426 0.20041 0.80351 0.09143 0.31027
0.00015 0.49717 0.09857 0.00001 0.00954 0.39569
0.00000 0.00000 0.00000 0.00000 0.00347 0.09907
0.00000 0.00000 0.00000 0.00000 0.78921 0.00000
