initial: 6
0.50792 0.49208 0.00000 0.00000 0.00000 0.00000

transition: 6
0.29102 0.50557 0.00745 0.19452 0.00000 0.00144
0.00220 0.50117 0.19866 0.00001 0.00000 0.29795
0.00225 0.00039 0.20579 0.78667 0.00004 0.00486
0.00015 0.00209 0.00476 0.27548 0.51648 0.20104
0.00000 0.00000 0.00000 0.00000 0.50084 0.49916
0.60197 0.00002 0.20521 0.19280 0.00000 0.00000

observation: 6
0.00005 0.29993 0.00270 0.10036 0.29854 0.09814
0.09967 0.39662 0.00001 0.10146 0.00000 0.10052
0.40469 0.19988 0.48852 0.29556 0.30243 0.00000
0.49559 0.10357 0.50554 0.40268 0.00000 0.00000
0.00000 0.00000 0.00324 0.09993 0.00000 0.80134
0.00000 0.00000 0.00000 0.00000 0.39903 0.00000
