initial: 6
0.77310 0.00000 0.06487 0.16202 0.00000 0.00000

transition: 6
0.30775 0.19890 0.36017 0.00672 0.00073 0.12572
0.22901 0.38226 0.35886 0.02972 0.00001 0.00015
0.03655 0.58006 0.00495 0.35738 0.00125 0.01981
0.03138 0.17337 0.03891 0.54694 0.00094 0.20846
0.10412 0.00085 0.00000 0.00000 0.55045 0.34458
0.08110 0.35397 0.00002 0.00000 0.32731 0.23760

observation: 6
0.69131 0.42421 0.23117 0.07693 0.01508 0.08829
0.01718 0.07780 0.49532 0.05780 0.10802 0.07424
0.27724 0.01610 0.24263 0.18087 0.12276 0.28972
0.01237 0.48066 0.00725 0.00002 0.01713 0.44655
0.00191 0.00124 0.02363 0.68438 0.00978 0.10094
0.00000 0.00000 0.00000 0.00000 0.72723 0.00026
