initial: 6
0.78292 0.00000 0.05035 0.16673 0.00000 0.00000

transition: 6
0.24021 0.20478 0.40247 0.04881 0.00013 0.10359
0.05154 0.39050 0.52232 0.03564 0.00000 0.00000
0.08367 0.56800 0.01711 0.32928 0.00000 0.00194
0.05327 0.14014 0.00181 0.56693 0.00164 0.23621
0.10689 0.00007 0.00000 0.00000 0.61259 0.28045
0.05778 0.43965 0.00300 0.00000 0.32262 0.17695

observation: 6
0.94658 0.39542 0.23614 0.06601 0.02379 0.08995
0.01690 0.05848 0.49611 0.08944 0.11128 0.06945
0.02381 0.04364 0.25347 0.84267 0.11799 0.32812
0.01270 0.50245 0.01427 0.00188 0.07540 0.41991
0.00000 0.00000 0.00000 0.00000 0.02557 0.09256
0.00000 0.00000 0.00000 0.00000 0.64597 0.00000
