initial: 6
0.00236 0.16337 0.05855 0.20358 0.00000 0.57213

transition: 6
0.15851 0.52404 0.31348 0.00037 0.00087 0.00273
0.14061 0.44794 0.25669 0.08976 0.00000 0.06501
0.55745 0.03601 0.04037 0.36377 0.00095 0.00146
0.19187 0.02007 0.01441 0.58393 0.00061 0.18911
0.00529 0.10842 0.00000 0.00000 0.53206 0.35423
0.39961 0.01214 0.00000 0.00000 0.33769 0.25056

observation: 6
0.45578 0.57209 0.16628 0.09559 0.01383 0.09506
0.00889 0.10277 0.54775 0.08814 0.09935 0.08231
0.00388 0.19569 0.21094 0.18992 0.11025 0.32356
0.53119 0.12931 0.06227 0.00000 0.02191 0.39430
0.00027 0.00014 0.01276 0.62635 0.00483 0.10478
0.00000 0.00000 0.00000 0.00000 0.74982 0.00000
