initial: 6
0.71960 0.00049 0.09176 0.18815 0.00000 0.00000

transition: 6
0.30871 0.00151 0.49272 0.00037 0.00000 0.19669
0.00080 0.20119 0.79654 0.00147 0.00000 0.00000
0.00045 0.49984 0.20100 0.29871 0.00000 0.00000
0.00003 0.20163 0.00001 0.59763 0.00000 0.20070
0.10493 0.00000 0.00000 0.00000 0.49899 0.39607
0.00006 0.39513 0.00000 0.00000 0.30091 0.30390

observation: 6
0.99546 0.49838 0.29764 0.09821 0.00053 0.09892
0.00241 0.00021 0.40033 0.09968 0.10423 0.09739
0.00213 0.00226 0.20070 0.80210 0.09098 0.30909
0.00000 0.49914 0.10126 0.00000 0.00522 0.39568
0.00000 0.00001 0.00008 0.00000 0.00249 0.09891
0.00000 0.00000 0.00000 0.00000 0.79654 0.00000
