initial: 6
0.76705 0.00000 0.05652 0.17644 0.00000 0.00000

transition: 6
0.29901 0.13601 0.40705 0.00822 0.00003 0.14968
0.22206 0.33575 0.41708 0.02505 0.00000 0.00006
0.02237 0.59260 0.02241 0.35650 0.00038 0.00573
0.01405 0.20150 0.00576 0.58032 0.00021 0.19817
0.10638 0.00012 0.00000 0.00000 0.52832 0.36518
0.03123 0.38882 0.00000 0.00000 0.32149 0.25845

observation: 6
0.67383 0.45740 0.25476 0.08772 0.00898 0.09407
0.01940 0.05435 0.46987 0.08941 0.10836 0.07739
0.29732 0.00719 0.22632 0.19217 0.10529 0.30477
0.00881 0.48078 0.03883 0.00000 0.01396 0.42236
0.00064 0.00027 0.01022 0.63069 0.00540 0.10139
0.00000 0.00000 0.00000 0.00000 0.75801 0.00001
