initial: 6
0.48873 0.51127 0.00000 0.00000 0.00000 0.00000

transition: 6
0.26871 0.41163 0.01495 0.30192 0.00061 0.00218
0.00867 0.50500 0.20268 0.00047 0.00022 0.28296
0.01090 0.00318 0.21697 0.76454 0.00109 0.00332
0.00068 0.00888 0.00991 0.24341 0.53177 0.20535
0.00000 0.00000 0.00000 0.00000 0.50096 0.49904
0.77114 0.00025 0.04591 0.18270 0.00000 0.00000

observation: 6
0.00017 0.29709 0.01091 0.10197 0.29824 0.09702
0.08035 0.40015 0.00078 0.09906 0.00000 0.09918
0.41992 0.19784 0.46882 0.29573 0.30255 0.00000
0.49956 0.10493 0.48113 0.40363 0.00000 0.00000
0.00000 0.00000 0.03836 0.09962 0.00000 0.80379
0.00000 0.00000 0.00000 0.00000 0.39921 0.00000
