initial: 6
0.00015 0.15967 0.05538 0.20812 0.00000 0.57668

transition: 6
0.16066 0.47483 0.36380 0.00017 0.00009 0.00044
0.14558 0.41504 0.26797 0.09291 0.00000 0.07851
0.54394 0.02611 0.08232 0.34741 0.00012 0.00010
0.19602 0.01339 0.00601 0.59292 0.00010 0.19156
0.00114 0.11099 0.00000 0.00000 0.52359 0.36428
0.40172 0.00548 0.00000 0.00000 0.32707 0.26573

observation: 6
0.46675 0.59745 0.17915 0.09993 0.01114 0.09559
0.00825 0.08147 0.53367 0.09333 0.09840 0.08799
0.00080 0.21832 0.19102 0.19348 0.10879 0.31482
0.52413 0.10270 0.09134 0.00000 0.01599 0.39728
0.00008 0.00006 0.00482 0.61326 0.00329 0.10432
0.00000 0.00000 0.00000 0.00000 0.76239 0.00000
