initial: 6
0.77962 0.00000 0.08018 0.14020 0.00000 0.00000

transition: 6
0.36877 0.32707 0.21546 0.00421 0.00727 0.07721
0.19451 0.57877 0.20273 0.02253 0.00018 0.00129
0.12093 0.28196 0.00845 0.52055 0.00330 0.06481
0.08660 0.13631 0.08106 0.46604 0.00326 0.22674
0.11322 0.00785 0.00001 0.00014 0.59681 0.28196
0.27281 0.18624 0.00017 0.00000 0.31669 0.22408

observation: 6
0.64521 0.36353 0.25277 0.05003 0.02629 0.05715
0.02656 0.18866 0.43377 0.00909 0.10609 0.07211
0.24224 0.05544 0.26109 0.14545 0.15128 0.25194
0.08249 0.39002 0.00974 0.00202 0.02321 0.52676
0.00350 0.00234 0.04263 0.79342 0.02387 0.08400
0.00000 0.00000 0.00000 0.00000 0.66927 0.00804
