initial: 6
0.71965 0.00016 0.09230 0.18789 0.00000 0.00000

transition: 6
0.30846 0.00285 0.49096 0.00081 0.00000 0.19691
0.00069 0.20323 0.79310 0.00298 0.00000 0.00000
0.00078 0.50151 0.19904 0.29867 0.00000 0.00000
0.00015 0.20158 0.00001 0.59723 0.00000 0.20104
0.10489 0.00000 0.00000 0.00000 0.50097 0.39414
0.00015 0.39628 0.00000 0.00000 0.30114 0.30242

observation: 6
0.99560 0.49784 0.29750 0.09801 0.00104 0.09881
0.00221 0.00064 0.40153 0.09955 0.10435 0.09713
0.00219 0.00297 0.20028 0.80243 0.09126 0.30946
0.00001 0.49854 0.10070 0.00000 0.00692 0.39559
0.00000 0.00000 0.00000 0.00000 0.00286 0.09901
0.00000 0.00000 0.00000 0.00000 0.79357 0.00000
