initial: 6
0.00000 0.10735 0.09374 0.21010 0.00000 0.58880

transition: 6
0.20301 0.21372 0.58326 0.00000 0.00000 0.00000
0.03295 0.28801 0.49462 0.00421 0.00000 0.18021
0.49640 0.00763 0.19075 0.30521 0.00000 0.00000
0.20037 0.00079 0.00128 0.59856 0.00000 0.19900
0.00000 0.10348 0.00000 0.00000 0.50423 0.39229
0.39842 0.00010 0.00000 0.00000 0.30469 0.29678

observation: 6
0.49381 0.69290 0.29766 0.10048 0.00066 0.09866
0.00258 0.00557 0.40500 0.09859 0.10238 0.09595
0.00001 0.29710 0.19880 0.19634 0.09938 0.30150
0.50360 0.00443 0.09822 0.00000 0.00463 0.40248
0.00000 0.00000 0.00031 0.60459 0.00207 0.10141
0.00000 0.00000 0.00000 0.00000 0.79088 0.00000
