initial: 6
0.49338 0.50662 0.00000 0.00000 0.00000 0.00000

transition: 6
0.27675 0.43136 0.01094 0.27853 0.00020 0.00222
0.00635 0.50492 0.20011 0.00020 0.00005 0.28837
0.00666 0.00169 0.21633 0.77182 0.00045 0.00306
0.00043 0.00634 0.00761 0.24828 0.53107 0.20626
0.00000 0.00000 0.00000 0.00000 0.50088 0.49912
0.72657 0.00018 0.08842 0.18483 0.00000 0.00000

observation: 6
0.00013 0.29760 0.00898 0.10160 0.29820 0.09729
0.08488 0.39879 0.00020 0.09946 0.00000 0.09952
0.41601 0.19850 0.47814 0.29590 0.30257 0.00000
0.49898 0.10511 0.48980 0.40358 0.00000 0.00000
0.00000 0.00000 0.02288 0.09946 0.00000 0.80320
0.00000 0.00000 0.00000 0.00000 0.39923 0.00000
