initial: 6
0.74152 0.00000 0.07680 0.18168 0.00000 0.00000

transition: 6
0.30713 0.05827 0.43435 0.00816 0.00000 0.19208
0.00221 0.31558 0.65299 0.02921 0.00000 0.00000
0.00770 0.55667 0.12512 0.31048 0.00000 0.00003
0.00752 0.20326 0.00008 0.58526 0.00006 0.20384
0.10640 0.00000 0.00000 0.00000 0.53161 0.36200
0.00433 0.41394 0.00001 0.00000 0.31429 0.26743

observation: 6
0.98040 0.48334 0.27354 0.08599 0.00861 0.09448
0.00671 0.01819 0.44753 0.09651 0.10620 0.08964
0.00703 0.01586 0.21979 0.81739 0.09546 0.31686
0.00586 0.48261 0.05915 0.00012 0.03066 0.39925
0.00000 0.00000 0.00000 0.00000 0.00903 0.09977
0.00000 0.00000 0.00000 0.00000 0.75005 0.00000
