initial: 6
0.00000 0.11123 0.09087 0.21000 0.00000 0.58789

transition: 6
0.20278 0.22476 0.57246 0.00001 0.00000 0.00000
0.04988 0.29067 0.47729 0.01052 0.00000 0.17164
0.49780 0.00900 0.18540 0.30780 0.00000 0.00000
0.20046 0.00130 0.00142 0.59845 0.00000 0.19836
0.00000 0.10459 0.00000 0.00000 0.50541 0.39000
0.39887 0.00018 0.00000 0.00000 0.30613 0.29482

observation: 6
0.49266 0.68740 0.29275 0.10060 0.00151 0.09775
0.00314 0.00945 0.41062 0.09813 0.10183 0.09594
0.00001 0.29494 0.19739 0.19632 0.10011 0.30178
0.50419 0.00821 0.09883 0.00000 0.00529 0.40283
0.00000 0.00001 0.00042 0.60495 0.00204 0.10171
0.00000 0.00000 0.00000 0.00000 0.78921 0.00000
