initial: 6
0.50793 0.49207 0.00000 0.00000 0.00000 0.00000

transition: 6
0.29129 0.50684 0.00736 0.19334 0.00000 0.00117
0.00181 0.50134 0.19867 0.00001 0.00000 0.29816
0.00212 0.00034 0.20461 0.78766 0.00002 0.00525
0.00014 0.00183 0.00462 0.27765 0.51518 0.20060
0.00000 0.00000 0.00000 0.00000 0.50082 0.49918
0.60023 0.00002 0.20627 0.19348 0.00000 0.00000

observation: 6
0.00006 0.29991 0.00234 0.10029 0.29860 0.09821
0.09983 0.39660 0.00000 0.10148 0.00000 0.10056
0.40456 0.19991 0.48905 0.29565 0.30239 0.00000
0.49556 0.10358 0.50591 0.40265 0.00000 0.00000
0.00000 0.00000 0.00270 0.09994 0.00000 0.80123
0.00000 0.00000 0.00000 0.00000 0.39901 0.00000
