initial: 6
0.72166 0.00283 0.08859 0.18692 0.00000 0.00000

transition: 6
0.29550 0.01593 0.49979 0.00167 0.00000 0.18711
0.20181 0.20444 0.59339 0.00034 0.00002 0.00001
0.00395 0.49886 0.19517 0.30182 0.00000 0.00019
0.00043 0.20222 0.00015 0.59722 0.00000 0.19998
0.10741 0.00000 0.00000 0.00000 0.50217 0.39042
0.00110 0.39444 0.00000 0.00000 0.30520 0.29926

observation: 6
0.69447 0.49633 0.30051 0.09989 0.00079 0.09763
0.00250 0.00240 0.40102 0.09890 0.10256 0.09694
0.30285 0.00051 0.20032 0.19589 0.09783 0.30232
0.00018 0.50076 0.09787 0.00000 0.00283 0.40389
0.00001 0.00000 0.00028 0.60532 0.00286 0.09921
0.00000 0.00000 0.00000 0.00000 0.79313 0.00000
