initial: 6
0.50221 0.49779 0.00000 0.00000 0.00000 0.00000

transition: 6
0.28559 0.46967 0.00838 0.23406 0.00004 0.00226
0.00450 0.50261 0.19867 0.00008 0.00001 0.29414
0.00399 0.00083 0.21254 0.77917 0.00017 0.00331
0.00027 0.00415 0.00603 0.25807 0.52653 0.20496
0.00000 0.00000 0.00000 0.00000 0.50093 0.49907
0.65566 0.00010 0.15633 0.18791 0.00000 0.00000

observation: 6
0.00008 0.29907 0.00597 0.10090 0.29826 0.09764
0.09305 0.39758 0.00003 0.10037 0.00000 0.09997
0.40945 0.19917 0.48519 0.29555 0.30264 0.00000
0.49742 0.10418 0.49890 0.40342 0.00000 0.00000
0.00000 0.00000 0.00990 0.09976 0.00000 0.80239
0.00000 0.00000 0.00000 0.00000 0.39910 0.00000
