initial: 6
0.00000 0.14004 0.06799 0.20934 0.00000 0.58262

transition: 6
0.18917 0.34391 0.46686 0.00005 0.00000 0.00001
0.13527 0.33763 0.34307 0.07158 0.00000 0.11245
0.51717 0.01741 0.14128 0.32414 0.00000 0.00000
0.19997 0.00550 0.00244 0.59737 0.00000 0.19472
0.00004 0.10905 0.00000 0.00000 0.51335 0.37755
0.40135 0.00120 0.00000 0.00000 0.31543 0.28202

observation: 6
0.48368 0.64602 0.23361 0.10156 0.00704 0.09471
0.00564 0.04215 0.47385 0.09600 0.09917 0.09400
0.00009 0.26274 0.18573 0.19609 0.10503 0.30623
0.51058 0.04907 0.10544 0.00000 0.00929 0.40192
0.00001 0.00003 0.00137 0.60635 0.00213 0.10313
0.00000 0.00000 0.00000 0.00000 0.77732 0.00000
