initial: 6
0.72042 0.00284 0.08959 0.18715 0.00000 0.00000

transition: 6
0.29556 0.01323 0.50191 0.00123 0.00000 0.18808
0.20093 0.20316 0.59567 0.00018 0.00005 0.00001
0.00356 0.49787 0.19724 0.30118 0.00000 0.00015
0.00028 0.20209 0.00017 0.59740 0.00000 0.20008
0.10736 0.00000 0.00000 0.00000 0.50166 0.39098
0.00080 0.39441 0.00000 0.00000 0.30478 0.30000

observation: 6
0.69495 0.49694 0.30120 0.10000 0.00051 0.09781
0.00210 0.00177 0.40007 0.09910 0.10261 0.09711
0.30290 0.00039 0.20029 0.19599 0.09785 0.30214
0.00005 0.50089 0.09823 0.00000 0.00232 0.40384
0.00000 0.00000 0.00022 0.60492 0.00292 0.09911
0.00000 0.00000 0.00000 0.00000 0.79379 0.00000
