initial: 6
0.00127 0.16359 0.05641 0.20531 0.00000 0.57343

transition: 6
0.15697 0.51566 0.32469 0.00031 0.00053 0.00184
0.14124 0.44179 0.25740 0.09123 0.00000 0.06834
0.55531 0.03340 0.04900 0.36085 0.00063 0.00081
0.19309 0.01820 0.01140 0.58713 0.00041 0.18976
0.00373 0.10958 0.00000 0.00000 0.52977 0.35692
0.40039 0.01006 0.00000 0.00000 0.33470 0.25484

observation: 6
0.45841 0.57731 0.16825 0.09701 0.01316 0.09545
0.00876 0.09853 0.54571 0.09022 0.09898 0.08381
0.00265 0.20100 0.20467 0.19102 0.10995 0.32097
0.52998 0.12304 0.07136 0.00000 0.02028 0.39509
0.00020 0.00011 0.01000 0.62175 0.00437 0.10468
0.00000 0.00000 0.00000 0.00000 0.75325 0.00000
