initial: 6
0.50186 0.49814 0.00000 0.00000 0.00000 0.00000

transition: 6
0.28528 0.46797 0.00844 0.23599 0.00005 0.00226
0.00457 0.50272 0.19868 0.00008 0.00001 0.29394
0.00407 0.00085 0.21270 0.77892 0.00017 0.00329
0.00027 0.00423 0.00608 0.25756 0.52680 0.20506
0.00000 0.00000 0.00000 0.00000 0.50093 0.49907
0.65848 0.00010 0.15365 0.18777 0.00000 0.00000

observation: 6
0.00008 0.29901 0.00610 0.10092 0.29826 0.09762
0.09271 0.39762 0.00003 0.10032 0.00000 0.09995
0.40971 0.19914 0.48503 0.29556 0.30264 0.00000
0.49751 0.10422 0.49857 0.40344 0.00000 0.00000
0.00000 0.00000 0.01026 0.09975 0.00000 0.80243
0.00000 0.00000 0.00000 0.00000 0.39910 0.00000
