initial: 6
0.72260 0.00273 0.08792 0.18675 0.00000 0.00000

transition: 6
0.29552 0.01781 0.49831 0.00198 0.00000 0.18638
0.20244 0.20540 0.59167 0.00048 0.00001 0.00001
0.00420 0.49965 0.19364 0.30229 0.00000 0.00022
0.00054 0.20234 0.00015 0.59708 0.00000 0.19989
0.10745 0.00000 0.00000 0.00000 0.50249 0.39006
0.00131 0.39447 0.00000 0.00000 0.30550 0.29872

observation: 6
0.69411 0.49591 0.29999 0.09980 0.00098 0.09748
0.00278 0.00286 0.40173 0.09875 0.10252 0.09681
0.30279 0.00059 0.20037 0.19583 0.09781 0.30249
0.00032 0.50064 0.09759 0.00000 0.00314 0.40394
0.00001 0.00000 0.00032 0.60561 0.00282 0.09929
0.00000 0.00000 0.00000 0.00000 0.79272 0.00000
