initial: 6
0.00000 0.10427 0.09586 0.21025 0.00000 0.58962

transition: 6
0.20279 0.20575 0.59145 0.00000 0.00001 0.00000
0.01709 0.28711 0.50816 0.00079 0.00000 0.18684
0.49574 0.00627 0.19515 0.30284 0.00000 0.00000
0.20036 0.00028 0.00111 0.59873 0.00000 0.19952
0.00000 0.10234 0.00000 0.00000 0.50304 0.39462
0.39794 0.00003 0.00000 0.00000 0.30336 0.29867

observation: 6
0.49488 0.69769 0.30105 0.10046 0.00007 0.09943
0.00198 0.00255 0.40090 0.09911 0.10290 0.09593
0.00000 0.29829 0.19980 0.19641 0.09869 0.30135
0.50314 0.00147 0.09806 0.00000 0.00373 0.40220
0.00000 0.00000 0.00019 0.60402 0.00207 0.10109
0.00000 0.00000 0.00000 0.00000 0.79254 0.00000
