initial: 6
0.71960 0.00049 0.09175 0.18816 0.00000 0.00000

transition: 6
0.30872 0.00149 0.49274 0.00036 0.00000 0.19669
0.00080 0.20116 0.79659 0.00145 0.00000 0.00000
0.00044 0.49982 0.20103 0.29871 0.00000 0.00000
0.00003 0.20163 0.00001 0.59764 0.00000 0.20070
0.10493 0.00000 0.00000 0.00000 0.49896 0.39611
0.00006 0.39511 0.00000 0.00000 0.30090 0.30393

observation: 6
0.99546 0.49839 0.29764 0.09821 0.00053 0.09892
0.00241 0.00020 0.40031 0.09969 0.10423 0.09739
0.00213 0.00225 0.20071 0.80210 0.09098 0.30909
0.00000 0.49915 0.10127 0.00000 0.00519 0.39569
0.00000 0.00001 0.00007 0.00000 0.00248 0.09891
0.00000 0.00000 0.00000 0.00000 0.79660 0.00000
