initial: 6
0.71962 0.00277 0.09031 0.18730 0.00000 0.00000

transition: 6
0.29564 0.01142 0.50338 0.00093 0.00000 0.18863
0.20029 0.20242 0.59706 0.00010 0.00012 0.00001
0.00327 0.49730 0.19858 0.30075 0.00000 0.00011
0.00018 0.20205 0.00019 0.59750 0.00000 0.20009
0.10735 0.00000 0.00000 0.00000 0.50127 0.39138
0.00060 0.39447 0.00000 0.00000 0.30451 0.30043

observation: 6
0.69526 0.49736 0.30163 0.10007 0.00032 0.09779
0.00182 0.00137 0.39946 0.09921 0.10266 0.09723
0.30290 0.00031 0.20030 0.19606 0.09784 0.30211
0.00001 0.50096 0.09844 0.00000 0.00192 0.40380
0.00000 0.00000 0.00018 0.60466 0.00294 0.09907
0.00000 0.00000 0.00000 0.00000 0.79432 0.00000
