initial: 6
0.50776 0.49224 0.00000 0.00000 0.00000 0.00000

transition: 6
0.29166 0.50773 0.00700 0.19290 0.00000 0.00070
0.00118 0.50168 0.19875 0.00000 0.00000 0.29838
0.00205 0.00026 0.20318 0.78860 0.00001 0.00590
0.00013 0.00141 0.00446 0.28031 0.51356 0.20012
0.00000 0.00000 0.00000 0.00000 0.50079 0.49921
0.59901 0.00001 0.20659 0.19440 0.00000 0.00000

observation: 6
0.00010 0.29985 0.00182 0.10018 0.29869 0.09831
0.09988 0.39660 0.00000 0.10147 0.00000 0.10060
0.40448 0.19994 0.48981 0.29579 0.30233 0.00000
0.49554 0.10361 0.50637 0.40262 0.00000 0.00000
0.00000 0.00000 0.00200 0.09994 0.00000 0.80108
0.00000 0.00000 0.00000 0.00000 0.39898 0.00000
