initial: 6
0.48749 0.51251 0.00000 0.00000 0.00000 0.00000

transition: 6
0.26009 0.40340 0.02064 0.31204 0.00153 0.00230
0.01220 0.50281 0.20540 0.00105 0.00082 0.27772
0.01880 0.00569 0.20916 0.76000 0.00249 0.00385
0.00113 0.01245 0.01321 0.24082 0.53017 0.20222
0.00000 0.00000 0.00000 0.00000 0.50123 0.49877
0.79545 0.00035 0.02426 0.17993 0.00001 0.00000

observation: 6
0.00023 0.29735 0.01294 0.10141 0.29847 0.09650
0.07810 0.40173 0.00215 0.09849 0.00000 0.09861
0.42181 0.19705 0.45954 0.29543 0.30251 0.00000
0.49986 0.10388 0.47148 0.40456 0.00000 0.00000
0.00000 0.00000 0.05389 0.10010 0.00002 0.80489
0.00000 0.00000 0.00000 0.00000 0.39900 0.00000
