initial: 6
0.00000 0.12537 0.07956 0.20968 0.00000 0.58539

transition: 6
0.19902 0.27448 0.52647 0.00002 0.00000 0.00000
0.09946 0.30756 0.41118 0.04070 0.00000 0.14110
0.50549 0.01327 0.16547 0.31577 0.00000 0.00000
0.20063 0.00298 0.00182 0.59815 0.00000 0.19642
0.00000 0.10719 0.00000 0.00000 0.50903 0.38377
0.40007 0.00050 0.00000 0.00000 0.31053 0.28889

observation: 6
0.48882 0.66868 0.26874 0.10116 0.00433 0.09561
0.00446 0.02422 0.43654 0.09700 0.10029 0.09545
0.00003 0.28286 0.19145 0.19635 0.10250 0.30335
0.50668 0.02423 0.10250 0.00000 0.00703 0.40314
0.00000 0.00001 0.00078 0.60549 0.00198 0.10245
0.00000 0.00000 0.00000 0.00000 0.78388 0.00000
