initial: 6
0.72781 0.00104 0.08543 0.18572 0.00000 0.00000

transition: 6
0.29606 0.02706 0.49087 0.00347 0.00000 0.18255
0.20567 0.21100 0.58200 0.00133 0.00000 0.00001
0.00530 0.50438 0.18496 0.30501 0.00000 0.00036
0.00105 0.20312 0.00016 0.59634 0.00000 0.19933
0.10768 0.00000 0.00000 0.00000 0.50384 0.38849
0.00232 0.39458 0.00000 0.00000 0.30699 0.29611

observation: 6
0.69211 0.49376 0.29710 0.09934 0.00185 0.09670
0.00428 0.00541 0.40562 0.09799 0.10245 0.09604
0.30222 0.00100 0.20080 0.19561 0.09757 0.30344
0.00137 0.49984 0.09592 0.00000 0.00441 0.40419
0.00002 0.00000 0.00055 0.60705 0.00266 0.09963
0.00000 0.00000 0.00000 0.00000 0.79105 0.00000
