initial: 6
0.73738 0.00003 0.07846 0.18412 0.00000 0.00000

transition: 6
0.29761 0.04559 0.47575 0.00595 0.00000 0.17510
0.21193 0.22674 0.55751 0.00380 0.00000 0.00001
0.00726 0.51774 0.16170 0.31264 0.00001 0.00065
0.00209 0.20508 0.00025 0.59463 0.00000 0.19795
0.10791 0.00000 0.00000 0.00000 0.50640 0.38569
0.00458 0.39457 0.00000 0.00000 0.30992 0.29093

observation: 6
0.68760 0.48876 0.29020 0.09831 0.00327 0.09553
0.00802 0.01201 0.41524 0.09642 0.10280 0.09367
0.30154 0.00182 0.20258 0.19531 0.09697 0.30546
0.00279 0.49740 0.09084 0.00000 0.00641 0.40525
0.00005 0.00001 0.00114 0.60996 0.00263 0.10008
0.00000 0.00000 0.00000 0.00000 0.78792 0.00000
