initial: 6
0.00000 0.13913 0.06869 0.20936 0.00000 0.58283

transition: 6
0.19005 0.33894 0.47095 0.00005 0.00000 0.00001
0.13360 0.33520 0.34718 0.06987 0.00000 0.11414
0.51631 0.01716 0.14300 0.32354 0.00000 0.00000
0.20005 0.00530 0.00238 0.59744 0.00000 0.19483
0.00004 0.10894 0.00000 0.00000 0.51304 0.37799
0.40127 0.00113 0.00000 0.00000 0.31507 0.28252

observation: 6
0.48410 0.64765 0.23609 0.10155 0.00688 0.09473
0.00556 0.04089 0.47120 0.09607 0.09923 0.09413
0.00008 0.26428 0.18600 0.19613 0.10487 0.30600
0.51025 0.04716 0.10539 0.00000 0.00912 0.40205
0.00001 0.00002 0.00132 0.60625 0.00211 0.10309
0.00000 0.00000 0.00000 0.00000 0.77780 0.00000
