initial: 6
0.50277 0.49723 0.00000 0.00000 0.00000 0.00000

transition: 6
0.28608 0.47242 0.00827 0.23094 0.00004 0.00225
0.00439 0.50244 0.19865 0.00007 0.00001 0.29445
0.00386 0.00079 0.21228 0.77955 0.00016 0.00335
0.00026 0.00402 0.00595 0.25892 0.52606 0.20479
0.00000 0.00000 0.00000 0.00000 0.50093 0.49907
0.65115 0.00009 0.16061 0.18815 0.00000 0.00000

observation: 6
0.00007 0.29917 0.00577 0.10087 0.29827 0.09767
0.09361 0.39751 0.00003 0.10045 0.00000 0.10000
0.40903 0.19921 0.48544 0.29552 0.30264 0.00000
0.49729 0.10411 0.49943 0.40338 0.00000 0.00000
0.00000 0.00000 0.00934 0.09978 0.00000 0.80233
0.00000 0.00000 0.00000 0.00000 0.39909 0.00000
