initial: 6
0.72725 0.00000 0.08746 0.18529 0.00000 0.00000

transition: 6
0.30859 0.02508 0.46624 0.00379 0.00000 0.19630
0.00091 0.25266 0.72923 0.01721 0.00000 0.00000
0.00305 0.52792 0.16587 0.30315 0.00000 0.00001
0.00268 0.20369 0.00003 0.59192 0.00001 0.20167
0.10534 0.00000 0.00000 0.00000 0.51438 0.38028
0.00135 0.40444 0.00000 0.00000 0.30706 0.28715

observation: 6
0.99084 0.49250 0.28791 0.09295 0.00475 0.09670
0.00323 0.00766 0.42168 0.09838 0.10500 0.09406
0.00383 0.00904 0.20638 0.80864 0.09201 0.31331
0.00209 0.49080 0.08403 0.00003 0.01827 0.39643
0.00000 0.00000 0.00000 0.00000 0.00551 0.09950
0.00000 0.00000 0.00000 0.00000 0.77447 0.00000
