initial: 6
0.77434 0.00000 0.05191 0.17375 0.00000 0.00000

transition: 6
0.26349 0.15635 0.41368 0.03189 0.00001 0.13457
0.02281 0.38381 0.55614 0.03723 0.00000 0.00000
0.04983 0.58053 0.03975 0.32937 0.00000 0.00052
0.03436 0.17401 0.00062 0.57280 0.00052 0.21770
0.10769 0.00001 0.00000 0.00000 0.58365 0.30864
0.03143 0.43212 0.00059 0.00000 0.32488 0.21097

observation: 6
0.95373 0.43192 0.25398 0.07255 0.01852 0.09080
0.01653 0.04743 0.48010 0.09305 0.10982 0.07600
0.01813 0.03251 0.24321 0.83352 0.10983 0.32499
0.01161 0.48813 0.02271 0.00089 0.06075 0.41167
0.00000 0.00000 0.00000 0.00000 0.01971 0.09654
0.00000 0.00000 0.00000 0.00000 0.68136 0.00000
