initial: 6
0.60233 0.16606 0.11816 0.10877 0.00277 0.00190

transition: 6
0.29772 0.32575 0.10444 0.09376 0.09335 0.08497
0.09267 0.30248 0.32167 0.09305 0.09699 0.09313
0.11279 0.09908 0.30680 0.32837 0.08081 0.07216
0.11012 0.10784 0.10106 0.31312 0.28712 0.08074
0.06331 0.07166 0.07923 0.07178 0.37942 0.33460
0.25679 0.08071 0.09458 0.09828 0.12957 0.34006

observation: 6
0.17277 0.25895 0.09308 0.09599 0.15809 0.10875
0.18793 0.21351 0.17909 0.12883 0.02913 0.02831
0.27501 0.22327 0.25063 0.30928 0.26380 0.24678
0.27722 0.17036 0.24067 0.32281 0.16364 0.17501
0.07644 0.11523 0.22524 0.12541 0.15415 0.29476
0.01063 0.01868 0.01129 0.01768 0.23119 0.14639
