initial: 6
0.50691 0.49309 0.00000 0.00000 0.00000 0.00000

transition: 6
0.28974 0.49641 0.00760 0.20427 0.00001 0.00197
0.00321 0.50117 0.19865 0.00003 0.00000 0.29694
0.00280 0.00053 0.20915 0.78343 0.00008 0.00401
0.00019 0.00287 0.00524 0.26838 0.52067 0.20266
0.00000 0.00000 0.00000 0.00000 0.50090 0.49910
0.61466 0.00005 0.19454 0.19075 0.00000 0.00000

observation: 6
0.00005 0.29983 0.00387 0.10058 0.29838 0.09794
0.09818 0.39687 0.00001 0.10121 0.00000 0.10035
0.40575 0.19967 0.48720 0.29540 0.30256 0.00000
0.49602 0.10363 0.50375 0.40291 0.00000 0.00000
0.00000 0.00000 0.00517 0.09991 0.00000 0.80171
0.00000 0.00000 0.00000 0.00000 0.39906 0.00000
