initial: 6
0.71960 0.00036 0.09199 0.18804 0.00000 0.00000

transition: 6
0.30859 0.00198 0.49217 0.00054 0.00000 0.19672
0.00077 0.20187 0.79532 0.00205 0.00000 0.00000
0.00059 0.50044 0.20035 0.29861 0.00000 0.00000
0.00006 0.20166 0.00001 0.59748 0.00000 0.20079
0.10491 0.00000 0.00000 0.00000 0.49978 0.39531
0.00009 0.39561 0.00000 0.00000 0.30112 0.30317

observation: 6
0.99554 0.49817 0.29760 0.09808 0.00073 0.09887
0.00232 0.00036 0.40073 0.09963 0.10427 0.09730
0.00215 0.00254 0.20052 0.80228 0.09108 0.30926
0.00000 0.49893 0.10108 0.00000 0.00592 0.39564
0.00000 0.00000 0.00007 0.00000 0.00264 0.09892
0.00000 0.00000 0.00000 0.00000 0.79536 0.00000
