initial: 6
0.00032 0.16155 0.05494 0.20750 0.00000 0.57569

transition: 6
0.15811 0.49080 0.34998 0.00021 0.00017 0.00074
0.14393 0.42535 0.26298 0.09280 0.00000 0.07495
0.54826 0.02835 0.07064 0.35233 0.00022 0.00021
0.19516 0.01489 0.00733 0.59148 0.00017 0.19096
0.00173 0.11080 0.00000 0.00000 0.52551 0.36195
0.40139 0.00676 0.00000 0.00000 0.32940 0.26246

observation: 6
0.46375 0.59017 0.17462 0.09918 0.01179 0.09569
0.00850 0.08781 0.53865 0.09263 0.09848 0.08667
0.00119 0.21224 0.19469 0.19276 0.10921 0.31665
0.52645 0.10971 0.08593 0.00000 0.01733 0.39654
0.00011 0.00008 0.00612 0.61543 0.00360 0.10446
0.00000 0.00000 0.00000 0.00000 0.75958 0.00000
