initial: 6
0.76803 0.00000 0.05623 0.17574 0.00000 0.00000

transition: 6
0.29896 0.14142 0.40302 0.00816 0.00004 0.14840
0.22198 0.34120 0.41044 0.02632 0.00000 0.00006
0.02354 0.59370 0.01917 0.35676 0.00043 0.00640
0.01530 0.19979 0.00695 0.57891 0.00024 0.19880
0.10622 0.00014 0.00000 0.00000 0.53001 0.36363
0.03412 0.38744 0.00000 0.00000 0.32197 0.25648

observation: 6
0.67450 0.45525 0.25307 0.08675 0.00939 0.09391
0.01927 0.05587 0.47314 0.08853 0.10860 0.07673
0.29630 0.00764 0.22813 0.19168 0.10642 0.30396
0.00922 0.48092 0.03432 0.00000 0.01428 0.42395
0.00072 0.00032 0.01134 0.63304 0.00567 0.10143
0.00000 0.00000 0.00000 0.00000 0.75564 0.00002
