initial: 6
0.50794 0.49206 0.00000 0.00000 0.00000 0.00000

transition: 6
0.29116 0.50630 0.00742 0.19381 0.00000 0.00131
0.00201 0.50125 0.19866 0.00001 0.00000 0.29807
0.00218 0.00036 0.20518 0.78720 0.00003 0.00505
0.00014 0.00196 0.00468 0.27661 0.51581 0.20081
0.00000 0.00000 0.00000 0.00000 0.50083 0.49917
0.60096 0.00002 0.20587 0.19315 0.00000 0.00000

observation: 6
0.00005 0.29992 0.00251 0.10033 0.29857 0.09818
0.09977 0.39660 0.00000 0.10148 0.00000 0.10054
0.40461 0.19990 0.48879 0.29560 0.30241 0.00000
0.49557 0.10358 0.50574 0.40266 0.00000 0.00000
0.00000 0.00000 0.00296 0.09994 0.00000 0.80128
0.00000 0.00000 0.00000 0.00000 0.39902 0.00000
