initial: 6
0.00000 0.11031 0.09157 0.21002 0.00000 0.58809

transition: 6
0.20287 0.22204 0.57508 0.00001 0.00000 0.00000
0.04606 0.28993 0.48145 0.00888 0.00000 0.17368
0.49743 0.00870 0.18666 0.30721 0.00000 0.00000
0.20044 0.00119 0.00140 0.59847 0.00000 0.19851
0.00000 0.10435 0.00000 0.00000 0.50515 0.39050
0.39877 0.00016 0.00000 0.00000 0.30580 0.29526

observation: 6
0.49292 0.68867 0.29398 0.10057 0.00131 0.09795
0.00302 0.00852 0.40923 0.09823 0.10195 0.09594
0.00001 0.29550 0.19774 0.19632 0.09995 0.30171
0.50405 0.00730 0.09865 0.00000 0.00515 0.40276
0.00000 0.00000 0.00039 0.60489 0.00205 0.10165
0.00000 0.00000 0.00000 0.00000 0.78958 0.00000
