initial: 6
0.71898 0.00267 0.09095 0.18740 0.00000 0.00000

transition: 6
0.29572 0.01000 0.50462 0.00070 0.00000 0.18896
0.19970 0.20194 0.59807 0.00005 0.00024 0.00001
0.00301 0.49690 0.19964 0.30037 0.00000 0.00007
0.00010 0.20207 0.00025 0.59755 0.00000 0.20002
0.10738 0.00000 0.00000 0.00000 0.50091 0.39172
0.00043 0.39459 0.00000 0.00000 0.30430 0.30067

observation: 6
0.69553 0.49770 0.30195 0.10012 0.00019 0.09761
0.00157 0.00105 0.39898 0.09929 0.10270 0.09733
0.30290 0.00025 0.20034 0.19612 0.09781 0.30219
0.00000 0.50100 0.09860 0.00000 0.00156 0.40377
0.00000 0.00000 0.00014 0.60448 0.00294 0.09908
0.00000 0.00000 0.00000 0.00000 0.79481 0.00000
