initial: 6
0.21633 0.02927 0.12074 0.18359 0.00000 0.45007

transition: 6
0.37538 0.50477 0.08313 0.00239 0.01743 0.01689
0.17616 0.52265 0.26718 0.02655 0.00070 0.00675
0.31516 0.07934 0.06617 0.49620 0.00880 0.03432
0.24301 0.06158 0.06463 0.48419 0.01418 0.13241
0.09137 0.05664 0.00131 0.00287 0.59055 0.25726
0.29921 0.06129 0.00162 0.00016 0.38146 0.25625

observation: 6
0.34183 0.54339 0.17802 0.06634 0.01827 0.09614
0.08142 0.15844 0.41415 0.02406 0.09659 0.06921
0.13216 0.10756 0.27622 0.14633 0.11827 0.36298
0.44320 0.18990 0.01545 0.00970 0.06758 0.36236
0.00139 0.00071 0.11615 0.75356 0.02581 0.07237
0.00000 0.00000 0.00000 0.00000 0.67347 0.03694
